788
2081
1527
1282
0
3446
2041
2452
2473
1612
2468
1377
1226
2660
842
2143
2495
1244
2987
1237
2701
2006
1216
3748
3067
1746
2693
2922
586
3414
4017
2819
4810
3028
4086
5788
3117
1320
2693
1559
524
1052
1156
679
2100
4641
4238
1486
1985
831
1998
2224
3316
2763
4054
3420
2339
4534
4087
1644
566
514
806
173
1359
2631
2093
1639
415
2804
2554
810
1867
1902
2443
1833
1210
3429
1705
2709
3226
1054
4076
1394
2273
3054
2145
3802
3775
2506
3500
3598
154
3554
3952
3564
5628
3312
5089
7582
4365
2149
2868
2334
89
265
0
1071
2094
5237
4901
1728
1443
1366
1896
2235
3198
3509
4844
2578
2964
4946
4321
2038
987
784
1505
415
601
2158
1709
1073
0
3340
2254
1770
3046
1244
2657
2331
1330
2321
748
1906
254
3218
3390
160
1959
302
1652
1281
209
2449
2188
807
2440
1957
2416
2199
4697
3111
3875
5362
2979
2001
2052
2398
577
839
1162
720
1577
3293
2951
1173
1029
1829
1569
2637
1589
3507
3529
3328
2644
2664
3210
2894
2666
2164
1951
1734
