58.09189306434685
1.735704588928346
88.91907581333932
63.43494882292201
33.690067525979785
28.07248693585296
36.86989764584401
42.510447078000844
60.94539590092286
45.0
70.90650799951439
58.3924977537511
45.0
58.3924977537511
17.354024636261332
63.43494882292201
56.309932474020215
61.92751306414704
53.9726266148964
60.25511870305777
58.240519915187214
61.69924423399363
73.81079374297306
75.32360686254998
63.43494882292201
69.44395478041653
30.068582821862446
56.309932474020215
45.0
82.79394299861673
25.34617594194669
72.61302782308447
58.57043438516149
62.35402463626132
37.40535663140855
45.00000000000001
61.1134182330893
40.60129464500447
62.35402463626132
53.13010235415599
40.236358309273825
45.00000000000001
36.46923439005186
30.96375653207352
54.46232220802562
56.976132444203365
27.897271030947618
37.504142360270144
53.13010235415599
67.38013505195957
64.79887635452492
59.03624346792648
21.801409486351798
83.49437335431632
70.3461759419467
88.15238973400541
63.43494882292201
66.03751102542181
12.2647737278924
24.325575239126106
74.05460409907715
87.53718332408316
8.027237510431949
50.927504192390174
