2.0547945205479454
1.8356164383561644
2.158273381294964
1.9280575539568345
1.8186046511627907
1.5069767441860464
5.585714285714285
4.628571428571429
1.9152542372881356
2.8983050847457625
3.7049180327868854
5.60655737704918
2.5463917525773194
4.824742268041237
3.0121951219512195
5.7073170731707314
1.0708333333333333
1.4
2.622448979591837
3.4285714285714284
1.8455882352941178
1.3823529411764706
7.606060606060606
5.696969696969697
2.6
4.8125
4.521739130434782
8.369565217391305
5.2153846153846155
8.292307692307693
5.557377049180328
8.836065573770492
4.677966101694915
5.067796610169491
2.845360824742268
3.082474226804124
5.5
5.2272727272727275
4.033333333333333
3.8333333333333335
1.5683060109289617
1.5737704918032787
1.559782608695652
1.565217391304348
1.0815217391304348
2.766304347826087
1.0874316939890711
2.7814207650273226
10.78125
11.03125
9.324324324324325
9.54054054054054
8.324324324324325
12.567567567567568
9.625
14.53125
13.296296296296296
12.555555555555555
0.8407494145199064
0.7939110070257611
9.153846153846153
10.666666666666666
0.8602409638554217
1.002409638554217
