1.9278350515463918
3.195876288659794
1.5583333333333333
2.5833333333333335
3.9615384615384617
2.25
10.131147540983607
5.754098360655738
2.808988764044944
2.7752808988764044
3.90625
3.859375
4.285714285714286
9.557142857142857
3.6144578313253013
8.060240963855422
2.339622641509434
1.610062893081761
3.9157894736842107
2.694736842105263
3.034188034188034
0.41452991452991456
35.5
4.85
4.366666666666666
6.1
4.678571428571429
6.535714285714286
7.323529411764706
4.544117647058823
10.375
6.4375
50.666666666666664
60.44444444444444
2.291457286432161
2.7336683417085426
0.9907407407407407
3.324074074074074
1.07
3.59
5.454022988505747
0.29310344827586204
16.084745762711865
0.864406779661017
0.8732394366197183
5.690140845070423
0.38271604938271603
2.493827160493827
5.524590163934426
6.967213114754099
9.36111111111111
11.805555555555555
6.872727272727273
5.363636363636363
9.0
7.023809523809524
16.9
8.5
1.6146496815286624
0.8121019108280255
8.366666666666667
14.066666666666666
0.7993630573248408
1.3439490445859872
