2.0
3.3434343434343434
2.788732394366197
4.661971830985915
3.8828125
3.7265625
11.833333333333334
11.357142857142858
1.5789473684210527
7.701754385964913
1.5517241379310345
7.568965517241379
5.653061224489796
14.224489795918368
4.196969696969697
10.56060606060606
2.88659793814433
3.6804123711340204
3.218390804597701
4.103448275862069
5.7254901960784315
2.0686274509803924
7.121951219512195
2.573170731707317
4.864406779661017
5.932203389830509
6.833333333333333
8.333333333333334
6.911764705882353
4.779411764705882
14.242424242424242
9.848484848484848
7.1454545454545455
7.236363636363636
5.458333333333333
5.527777777777778
6.030769230769231
4.923076923076923
6.32258064516129
5.161290322580645
11.272727272727273
60.63636363636363
0.5145228215767634
2.767634854771784
1.8742138364779874
2.6037735849056602
3.204301075268817
4.451612903225806
19.529411764705884
19.11764705882353
17.473684210526315
17.105263157894736
20.526315789473685
20.263157894736842
22.941176470588236
22.647058823529413
17.470588235294116
21.176470588235293
0.911042944785276
1.1042944785276074
18.4375
30.0
0.9021406727828746
1.4678899082568808
