3.1941747572815533
2.466019417475728
3.781609195402299
2.9195402298850577
4.1063829787234045
1.5673758865248226
11.816326530612244
4.510204081632653
2.6507936507936507
6.603174603174603
2.609375
6.5
5.627118644067797
7.932203389830509
4.882352941176471
6.882352941176471
3.6218487394957983
3.3865546218487395
4.3979591836734695
4.112244897959184
2.072289156626506
1.8253012048192772
6.745098039215686
5.9411764705882355
6.148148148148148
9.296296296296296
7.217391304347826
10.91304347826087
5.135593220338983
5.830508474576271
7.390243902439025
8.390243902439025
8.146341463414634
10.439024390243903
3.1809523809523808
4.076190476190476
4.904109589041096
3.6027397260273974
4.904109589041096
3.6027397260273974
2.627586206896552
2.627586206896552
2.6095890410958904
2.6095890410958904
1.483221476510067
2.684563758389262
1.556338028169014
2.816901408450704
19.0
13.125
22.8
15.75
13.666666666666666
15.916666666666666
16.4
19.1
23.571428571428573
13.142857142857142
1.3306451612903225
0.7419354838709677
16.1875
28.1875
0.6870026525198939
1.1962864721485411
