2.08
3.65
2.1894736842105265
3.8421052631578947
5.520408163265306
3.857142857142857
5.577319587628866
3.8969072164948453
2.7613636363636362
3.75
3.573529411764706
4.852941176470588
6.3125
5.175
6.644736842105263
5.447368421052632
1.5533333333333332
2.8533333333333335
2.5053763440860215
4.602150537634409
1.2566844919786095
2.695187165775401
4.196428571428571
9.0
4.567164179104478
5.298507462686567
7.463414634146342
8.658536585365853
6.703125
4.84375
9.75
7.045454545454546
6.28
8.2
6.826086956521739
8.91304347826087
10.024390243902438
8.707317073170731
7.472727272727273
6.490909090909091
0
0
0.3836734693877551
2.5714285714285716
3.6666666666666665
3.2522522522522523
3.037313432835821
2.6940298507462686
8.194444444444445
9.583333333333334
7.972972972972973
9.324324324324325
10.891891891891891
9.64864864864865
11.194444444444445
9.916666666666666
5.6976744186046515
9.186046511627907
1.0888888888888888
1.7555555555555555
10.1875
13.5625
1.38135593220339
1.8389830508474576
