1.5957446808510638
2.5460992907801416
2.9220779220779223
4.662337662337662
4.433333333333334
1.8416666666666666
5.428571428571429
2.2551020408163267
2.782608695652174
3.5652173913043477
3.9384615384615387
5.046153846153846
6.2465753424657535
4.068493150684931
5.428571428571429
3.5357142857142856
2.4108108108108106
1.508108108108108
4.645833333333333
2.90625
2.004016064257028
1.3895582329317269
15.59375
10.8125
6.714285714285714
8.081632653061224
7.311111111111111
8.8
6.654545454545454
8.709090909090909
9.384615384615385
12.282051282051283
6.85
7.175
8.838709677419354
9.258064516129032
10.233333333333333
15.633333333333333
7.487804878048781
11.439024390243903
16.272727272727273
34.72727272727273
1.1699346405228759
2.496732026143791
5.265060240963855
4.0843373493975905
5.395061728395062
4.185185185185185
5.634615384615385
8.057692307692308
7.325
10.475
8.51063829787234
9.74468085106383
8.88888888888889
10.177777777777777
5.0625
6.0625
4.10126582278481
4.9113924050632916
29.166666666666668
113.83333333333333
1.2773722627737227
4.985401459854015
