1.1877729257641922
1.502183406113537
4.459016393442623
5.639344262295082
1.2991071428571428
2.2098214285714284
4.409090909090909
7.5
2.8059701492537314
6.388059701492537
3.1864406779661016
7.254237288135593
3.074626865671642
8.656716417910447
3.4915254237288136
9.830508474576272
2.411764705882353
2.164705882352941
3.6283185840707963
3.256637168141593
2.7735849056603774
1.8238993710691824
3.556451612903226
2.338709677419355
4.7560975609756095
4.7317073170731705
7.647058823529412
7.607843137254902
5.649122807017544
7.175438596491228
4.2368421052631575
5.381578947368421
2.1311475409836067
2.69672131147541
2.452830188679245
3.1037735849056602
4.384615384615385
6.038461538461538
2.28
3.14
1.375
72.25
0.020833333333333332
1.0946969696969697
0.6285714285714286
2.275
0.6875
2.48828125
16.5
12.714285714285714
15.4
11.866666666666667
25.0
53.57142857142857
23.333333333333332
50.0
7.636363636363637
10.954545454545455
0.23562412342215988
0.3380084151472651
38.5
236.5
0.2106703146374829
1.2941176470588236
