1.8046875
2.3515625
6.416666666666667
8.36111111111111
3.6936936936936937
5.027027027027027
7.735849056603773
10.528301886792454
3.9130434782608696
7.6521739130434785
4.090909090909091
8.0
9.333333333333334
17.555555555555557
6.222222222222222
11.703703703703704
3.3125
5.447916666666667
3.8313253012048194
6.301204819277109
3.3833333333333333
1.8416666666666666
6.88135593220339
3.7457627118644066
9.244897959183673
7.918367346938775
17.423076923076923
14.923076923076923
7.595238095238095
7.333333333333333
9.666666666666666
9.333333333333334
10.041666666666666
6.083333333333333
6.788732394366197
4.112676056338028
4.971830985915493
5.253521126760563
7.354166666666667
7.770833333333333
3.5833333333333335
3.5833333333333335
3.55045871559633
3.55045871559633
1.9219858156028369
3.226950354609929
3.5657894736842106
5.9868421052631575
17.133333333333333
14.4
12.85
10.8
24.0625
38.125
20.263157894736842
32.10526315789474
6.333333333333333
11.185185185185185
0.6240875912408759
1.102189781021898
6.142857142857143
64.92857142857143
0.29965156794425085
3.167247386759582
