1.373913043478261
2.5565217391304347
1.9506172839506173
3.6296296296296298
3.5359477124183005
3.235294117647059
12.581395348837209
11.511627906976743
3.532258064516129
3.7580645161290325
4.132075471698113
4.39622641509434
9.2
9.636363636363637
8.433333333333334
8.833333333333334
3.068027210884354
2.2448979591836733
5.244186046511628
3.8372093023255816
2.18125
0.775
4.780821917808219
1.6986301369863013
10.76595744680851
5.851063829787234
16.322580645161292
8.870967741935484
5.111111111111111
5.4
6.96969696969697
7.363636363636363
2.8375
3.9625
4.829787234042553
6.74468085106383
7.271186440677966
8.728813559322035
6.3088235294117645
7.573529411764706
6.333333333333333
29.933333333333334
0.39915966386554624
1.8865546218487395
3.2913385826771653
4.141732283464567
3.3174603174603177
4.174603174603175
8.454545454545455
5.636363636363637
14.68421052631579
9.789473684210526
18.0625
31.25
8.027777777777779
13.88888888888889
5.363636363636363
5.204545454545454
0.8309859154929577
0.8063380281690141
14.0
84.625
0.35
2.115625
