2.1641791044776117
6.149253731343284
1.9594594594594594
5.5675675675675675
3.198019801980198
5.297029702970297
8.075
13.375
4.326086956521739
7.782608695652174
7.37037037037037
13.25925925925926
10.341463414634147
10.585365853658537
13.25
13.5625
1.9158878504672898
4.065420560747664
4.555555555555555
9.666666666666666
4.955357142857143
2.2857142857142856
13.875
6.4
10.157894736842104
6.684210526315789
16.083333333333332
10.583333333333334
12.605263157894736
8.736842105263158
19.958333333333332
13.833333333333334
14.0
15.26923076923077
12.133333333333333
13.233333333333333
14.142857142857142
9.214285714285714
14.142857142857142
9.214285714285714
262.0
499.0
1.4886363636363635
2.835227272727273
2.139784946236559
4.89247311827957
2.369047619047619
5.416666666666667
22.0625
23.75
22.0625
23.75
20.75
24.125
20.75
24.125
23.647058823529413
19.470588235294116
2.1847826086956523
1.798913043478261
25.933333333333334
21.933333333333334
2.0913978494623655
1.7688172043010753
