1.3359375
3.0078125
1.78125
4.010416666666667
1.5568862275449102
3.8682634730538923
4.56140350877193
11.333333333333334
10.277777777777779
5.166666666666667
2.1893491124260356
1.1005917159763314
3.990990990990991
4.171171171171171
4.712765957446808
4.925531914893617
0.2599388379204893
0.0672782874617737
4.0476190476190474
1.0476190476190477
0.0436241610738255
4.570469798657718
0.26
27.24
1.6363636363636365
1.606060606060606
1.125
1.1041666666666667
6.465753424657534
12.36986301369863
59.0
112.875
32.2
5.6
30.1875
5.25
8.821428571428571
2.892857142857143
7.264705882352941
2.3823529411764706
18.729166666666668
4.895833333333333
6.115646258503402
1.598639455782313
19.583333333333332
7.75
1.284153005464481
0.5081967213114754
3.616279069767442
4.906976744186046
5.098360655737705
6.918032786885246
5.255813953488372
3.453488372093023
7.409836065573771
4.868852459016393
13.942857142857143
7.0
6.506666666666667
3.2666666666666666
7.75
9.272727272727273
5.166666666666667
6.181818181818182
