1.819672131147541
2.401639344262295
1.85
2.441666666666667
2.4827586206896552
2.7241379310344827
6.352941176470588
6.970588235294118
2.82
2.33
6.409090909090909
5.295454545454546
6.964285714285714
9.214285714285714
4.431818181818182
5.863636363636363
1.6839378238341969
1.9792746113989637
3.869047619047619
4.5476190476190474
1.855263157894737
1.3596491228070176
8.63265306122449
6.326530612244898
4.614035087719298
7.7894736842105265
5.0576923076923075
8.538461538461538
5.574074074074074
8.0
5.472727272727273
7.8545454545454545
34.54545454545455
43.0
1.9487179487179487
2.4256410256410255
2.125
4.329545454545454
1.5847457627118644
3.2288135593220337
4.360655737704918
0.3005464480874317
8.673913043478262
0.5978260869565217
0.7444444444444445
5.566666666666666
0.3621621621621622
2.708108108108108
10.093023255813954
6.8604651162790695
16.074074074074073
10.925925925925926
8.695652173913043
6.760869565217392
16.666666666666668
12.958333333333334
11.35483870967742
12.161290322580646
0.9263157894736842
0.9921052631578947
16.105263157894736
21.31578947368421
0.7806122448979592
1.0331632653061225
