2.659090909090909
5.306818181818182
3.391304347826087
6.768115942028985
2.8547008547008548
2.8376068376068377
8.35
8.3
4.226415094339623
9.0
7.0
14.90625
8.628571428571428
10.4
6.04
7.28
1.8018867924528301
3.4056603773584904
3.4107142857142856
6.446428571428571
3.883720930232558
3.255813953488372
15.181818181818182
12.727272727272727
3.5714285714285716
9.571428571428571
3.9473684210526314
10.578947368421053
8.45
14.575
8.45
14.575
6.674418604651163
9.093023255813954
5.314814814814815
7.2407407407407405
10.96078431372549
2.549019607843137
12.152173913043478
2.8260869565217392
3.296875
0.234375
2.182758620689655
0.15517241379310345
1.0
1.9956521739130435
0.9126984126984127
1.8214285714285714
13.071428571428571
11.464285714285714
22.875
20.0625
14.925925925925926
14.185185185185185
23.705882352941178
22.529411764705884
17.6875
25.25
0.5452793834296724
0.7784200385356455
35.45454545454545
36.0
0.7442748091603053
0.7557251908396947
