2.3865546218487395
2.638655462184874
11.833333333333334
13.083333333333334
5.958762886597938
3.9381443298969074
12.565217391304348
8.304347826086957
6.325
8.625
6.837837837837838
9.324324324324325
9.909090909090908
19.181818181818183
7.431818181818182
14.386363636363637
4.150943396226415
3.5660377358490565
12.222222222222221
10.5
5.013513513513513
2.8783783783783785
5.455882352941177
3.1323529411764706
12.3
8.15
12.947368421052632
8.578947368421053
6.055555555555555
4.7592592592592595
13.625
10.708333333333334
5.923076923076923
11.974358974358974
6.6
13.342857142857143
10.825
10.675
12.735294117647058
12.558823529411764
10.790697674418604
5.441860465116279
12.210526315789474
6.157894736842105
15.526315789473685
29.736842105263158
4.758064516129032
9.112903225806452
25.555555555555557
15.277777777777779
30.666666666666668
18.333333333333332
19.58823529411765
19.647058823529413
20.8125
20.875
20.210526315789473
18.473684210526315
3.7281553398058254
3.407766990291262
20.5
27.142857142857142
2.6574074074074074
3.5185185185185186
