2.150943396226415
2.4056603773584904
2.425531914893617
2.7127659574468086
3.9240506329113924
1.1645569620253164
14.761904761904763
4.380952380952381
2.7777777777777777
3.9305555555555554
4.166666666666667
5.895833333333333
4.563380281690141
6.76056338028169
6.612244897959184
9.795918367346939
2.272727272727273
1.7670454545454546
5.405405405405405
4.202702702702703
1.9781659388646289
1.960698689956332
21.571428571428573
21.38095238095238
9.857142857142858
7.071428571428571
14.785714285714286
10.607142857142858
11.447368421052632
12.289473684210526
13.59375
14.59375
20.58823529411765
21.0
2.348993288590604
2.3959731543624163
6.375
2.6875
4.0
1.6862745098039216
2.854251012145749
0.008097165991902834
16.785714285714285
0.047619047619047616
0.9932885906040269
2.8993288590604025
1.0571428571428572
3.085714285714286
27.59090909090909
14.409090909090908
25.291666666666668
13.208333333333334
10.347826086956522
19.608695652173914
10.347826086956522
19.608695652173914
36.4375
21.3125
1.4834605597964376
0.8676844783715013
11.37037037037037
14.148148148148149
0.8036649214659686
1.0
