1.8061224489795917
2.7448979591836733
2.492957746478873
3.788732394366197
3.6814814814814816
3.066666666666667
14.617647058823529
12.176470588235293
3.1372549019607843
5.607843137254902
3.2653061224489797
5.836734693877551
7.065217391304348
12.73913043478261
6.018518518518518
10.851851851851851
2.519607843137255
3.656862745098039
2.954022988505747
4.287356321839081
2.380281690140845
3.5140845070422535
7.191489361702128
10.617021276595745
5.313725490196078
7.03921568627451
9.344827586206897
12.379310344827585
7.03921568627451
9.372549019607844
12.379310344827585
16.482758620689655
7.6976744186046515
8.69767441860465
4.189873417721519
4.734177215189874
5.014705882352941
4.573529411764706
6.314814814814815
5.7592592592592595
2.816
2.824
2.816
2.824
2.2196969696969697
2.7196969696969697
2.483050847457627
3.042372881355932
29.214285714285715
22.071428571428573
25.5625
19.3125
22.142857142857142
31.357142857142858
19.375
27.4375
18.9
17.0
1.173913043478261
1.0559006211180124
36.3
38.6
1.0933734939759037
1.1626506024096386
