3.8488372093023258
2.8488372093023258
3.277227722772277
2.4257425742574257
2.4335664335664338
2.272727272727273
7.909090909090909
7.386363636363637
2.5
5.5
3.1578947368421053
6.947368421052632
4.535211267605634
4.943661971830986
5.551724137931035
6.051724137931035
2.7119565217391304
1.6793478260869565
7.128571428571429
4.414285714285715
1.990990990990991
1.6801801801801801
13.8125
11.65625
10.421052631578947
10.842105263157896
16.5
17.166666666666668
9.647058823529411
14.323529411764707
11.714285714285714
17.392857142857142
9.0
8.368421052631579
3.0535714285714284
2.8392857142857144
5.375
3.828125
4.0
2.8488372093023258
2.049689440993789
2.049689440993789
2.049689440993789
2.049689440993789
1.1644736842105263
2.710526315789474
1.0411764705882354
2.4235294117647057
26.125
20.6875
26.125
20.6875
25.357142857142858
37.07142857142857
19.72222222222222
28.833333333333332
17.73076923076923
11.076923076923077
1.1135265700483092
0.6956521739130435
33.0
29.428571428571427
1.0845070422535212
0.9671361502347418
