1.4774774774774775
3.90990990990991
2.2162162162162162
5.864864864864865
2.4471544715447155
3.707317073170732
4.854838709677419
7.354838709677419
1.5178571428571428
9.160714285714286
0.9340659340659341
5.637362637362638
3.8550724637681157
7.115942028985507
3.41025641025641
6.294871794871795
3.5981308411214954
2.710280373831776
2.8518518518518516
2.1481481481481484
1.467741935483871
2.9086021505376345
4.875
9.660714285714286
7.381818181818182
4.890909090909091
11.6
7.685714285714286
5.5
9.574074074074074
8.25
14.36111111111111
5.8545454545454545
6.927272727272728
3.22
3.81
4.924242424242424
4.954545454545454
3.651685393258427
3.6741573033707864
1.9943181818181819
2.0
1.9830508474576272
1.9887005649717515
1.7701149425287357
1.9770114942528736
1.7206703910614525
1.9217877094972067
30.941176470588236
22.58823529411765
35.06666666666667
25.6
12.3125
23.875
12.3125
23.875
107.0
44.666666666666664
1.3659574468085107
0.5702127659574469
16.3
12.65
0.7149122807017544
0.5548245614035088
