2.0943396226415096
3.4245283018867925
2.49438202247191
4.078651685393258
3.389705882352941
2.485294117647059
7.813559322033898
5.728813559322034
2.449275362318841
6.028985507246377
3.188679245283019
7.849056603773585
5.095238095238095
7.587301587301587
5.440677966101695
8.101694915254237
2.84
2.5533333333333332
5.605263157894737
5.0394736842105265
3.096774193548387
1.4129032258064516
6.76056338028169
3.084507042253521
8.68
7.5
10.585365853658537
9.146341463414634
6.719298245614035
5.543859649122807
11.264705882352942
9.294117647058824
7.28
7.8
4.089887640449438
4.382022471910112
6.078125
3.765625
5.1866666666666665
3.2133333333333334
2.016042780748663
2.016042780748663
2.016042780748663
2.016042780748663
1.0512820512820513
2.1794871794871793
1.1452513966480447
2.374301675977654
13.130434782608695
13.347826086956522
16.77777777777778
17.055555555555557
23.352941176470587
29.529411764705884
16.541666666666668
20.916666666666668
9.7
10.6
0.6583710407239819
0.7194570135746606
21.53846153846154
47.61538461538461
0.6100217864923747
1.3485838779956427
