2.6623376623376624
4.428571428571429
3.4166666666666665
5.683333333333334
4.4772727272727275
5.715909090909091
8.040816326530612
10.26530612244898
2.462962962962963
7.648148148148148
2.015151515151515
6.257575757575758
4.7924528301886795
12.132075471698114
3.791044776119403
9.597014925373134
4.515789473684211
5.431578947368421
6.042253521126761
7.267605633802817
3.032258064516129
1.0241935483870968
8.952380952380953
3.0238095238095237
9.672727272727272
7.509090909090909
14.777777777777779
11.472222222222221
5.055555555555555
4.2592592592592595
7.378378378378378
6.216216216216216
5.94
5.54
7.615384615384615
7.102564102564102
5.487804878048781
15.707317073170731
4.6875
13.416666666666666
6.619047619047619
20.714285714285715
0.702020202020202
2.196969696969697
6.0125
4.85
3.460431654676259
2.79136690647482
9.829268292682928
7.682926829268292
14.925925925925926
11.666666666666666
8.8
9.45
12.571428571428571
13.5
11.866666666666667
12.066666666666666
1.6952380952380952
1.723809523809524
16.227272727272727
16.954545454545453
1.6376146788990826
1.7110091743119267
