0.8042553191489362
0.8468085106382979
0.8217391304347826
0.8652173913043478
1.0190930787589498
1.0167064439140812
9.282608695652174
9.26086956521739
0.6467391304347826
1.4619565217391304
1.202020202020202
2.717171717171717
1.916083916083916
4.048951048951049
1.957142857142857
4.135714285714286
0.6589861751152074
0.38018433179723504
2.0
1.1538461538461537
0.534965034965035
1.3304195804195804
61.2
152.2
1.9156626506024097
3.5180722891566263
1.8068181818181819
3.3181818181818183
5.28421052631579
5.947368421052632
6.605263157894737
7.434210526315789
9.166666666666666
10.25
2.426470588235294
2.713235294117647
2.881720430107527
2.946236559139785
3.392405063291139
3.4683544303797467
1.7321428571428572
0.05102040816326531
13.58
0.4
0.8240740740740741
1.6851851851851851
0.7876106194690266
1.6106194690265487
3.2868852459016393
2.942622950819672
5.569444444444445
4.986111111111111
2.827067669172932
2.8721804511278197
6.163934426229508
6.262295081967213
9.6
12.114285714285714
0.8727272727272727
1.1012987012987012
5.197368421052632
4.776315789473684
1.1482558139534884
1.055232558139535
