3.0709219858156027
1.9574468085106382
7.872727272727273
5.0181818181818185
2.5492957746478875
1.8169014084507042
6.703703703703703
4.777777777777778
6.666666666666667
5.771929824561403
6.909090909090909
5.9818181818181815
5.325
10.175
2.9583333333333335
5.652777777777778
3.872549019607843
4.029411764705882
3.98989898989899
4.151515151515151
2.5652173913043477
2.7971014492753623
5.619047619047619
6.126984126984127
7.283333333333333
6.15
9.297872340425531
7.851063829787234
6.260869565217392
4.463768115942029
11.368421052631579
8.105263157894736
4.369230769230769
4.2615384615384615
3.264367816091954
3.1839080459770117
5.491803278688525
7.098360655737705
3.681318681318681
4.758241758241758
2.1196581196581197
0.2777777777777778
6.794520547945205
0.8904109589041096
1.1523809523809523
6.161904761904762
0.599009900990099
3.202970297029703
16.4375
20.375
16.4375
20.375
25.466666666666665
38.333333333333336
22.470588235294116
33.8235294117647
13.681818181818182
13.090909090909092
0.7432098765432099
0.7111111111111111
22.88888888888889
83.44444444444444
0.49282296650717705
1.7966507177033493
