3.4
3.76
3.0
3.3176470588235296
4.482758620689655
4.137931034482759
11.818181818181818
10.909090909090908
3.8970588235294117
4.0
6.463414634146342
6.634146341463414
8.859649122807017
8.68421052631579
9.711538461538462
9.51923076923077
2.3152173913043477
4.043478260869565
2.4204545454545454
4.2272727272727275
2.5245901639344264
3.2704918032786887
5.310344827586207
6.879310344827586
5.4576271186440675
4.4576271186440675
10.733333333333333
8.766666666666667
5.588235294117647
8.27450980392157
7.5
11.105263157894736
9.5
13.125
4.537313432835821
6.268656716417911
8.340425531914894
8.957446808510639
7.538461538461538
8.096153846153847
3.232142857142857
3.232142857142857
3.232142857142857
3.232142857142857
2.5476190476190474
3.9047619047619047
3.2755102040816326
5.020408163265306
17.45
17.05
14.541666666666666
14.208333333333334
11.26086956521739
14.91304347826087
12.333333333333334
16.333333333333332
16.736842105263158
19.57894736842105
1.2230769230769232
1.4307692307692308
12.115384615384615
11.038461538461538
1.2450592885375493
1.134387351778656
