0.8318181818181818
2.0681818181818183
2.3164556962025316
5.7594936708860756
2.3932038834951457
1.1699029126213591
5.301075268817204
2.5913978494623655
3.3766233766233764
4.909090909090909
2.7083333333333335
3.9375
5.191011235955056
3.056179775280899
5.5
3.238095238095238
2.6911764705882355
1.5
2.5594405594405596
1.4265734265734267
3.2148760330578514
0.07851239669421488
21.027027027027028
0.5135135135135135
3.3838383838383836
2.3737373737373737
3.5638297872340425
2.5
4.342105263157895
2.6491228070175437
6.265822784810126
3.8227848101265822
3.4482758620689653
4.482758620689655
5.454545454545454
7.090909090909091
7.672413793103448
4.086206896551724
5.2976190476190474
2.8214285714285716
47.0
68.0
1.0681818181818181
1.5454545454545454
2.611842105263158
1.875
3.364406779661017
2.4152542372881354
5.481012658227848
3.759493670886076
9.41304347826087
6.456521739130435
3.6296296296296298
4.234567901234568
6.681818181818182
7.795454545454546
7.344262295081967
4.622950819672131
1.9823008849557522
1.247787610619469
12.7
19.15
0.951310861423221
1.4344569288389513
