2.6486486486486487
3.4864864864864864
1.96
2.58
3.6390977443609023
3.9473684210526314
11.804878048780488
12.804878048780488
1.4545454545454546
5.424242424242424
1.1566265060240963
4.313253012048193
4.985915492957746
9.225352112676056
4.538461538461538
8.397435897435898
2.142857142857143
2.0
3.9759036144578315
3.710843373493976
3.042682926829268
1.5426829268292683
6.835616438356165
3.4657534246575343
5.56
7.2
7.722222222222222
10.0
8.652173913043478
7.695652173913044
9.95
8.85
4.897058823529412
6.294117647058823
7.239130434782608
9.304347826086957
6.3125
4.65625
8.08
5.96
20.615384615384617
37.92307692307692
1.130801687763713
2.080168776371308
3.5568181818181817
4.420454545454546
1.9320987654320987
2.4012345679012346
10.625
15.333333333333334
9.444444444444445
13.62962962962963
14.695652173913043
18.652173913043477
12.071428571428571
15.321428571428571
7.157894736842105
9.236842105263158
0.9890909090909091
1.2763636363636364
20.55
17.8
1.4027303754266212
1.2150170648464165
