2.4836065573770494
1.8934426229508197
4.267605633802817
3.2535211267605635
3.1456953642384105
2.0927152317880795
11.30952380952381
7.523809523809524
3.6984126984126986
4.777777777777778
4.314814814814815
5.574074074074074
6.25
11.727272727272727
3.767123287671233
7.068493150684931
3.5037037037037035
2.4814814814814814
6.142857142857143
4.35064935064935
3.963636363636364
2.727272727272727
4.2745098039215685
2.9411764705882355
6.711864406779661
6.983050847457627
10.153846153846153
10.564102564102564
6.393939393939394
4.757575757575758
13.1875
9.8125
9.5625
9.0
2.3181818181818183
2.1818181818181817
7.087719298245614
5.7368421052631575
3.7757009345794392
3.05607476635514
2.1328125
0.1875
8.272727272727273
0.7272727272727273
1.037313432835821
4.417910447761194
0.7393617021276596
3.148936170212766
22.0
20.53846153846154
22.0
20.53846153846154
34.0
56.09090909090909
24.933333333333334
41.13333333333333
12.35
15.3
0.5613636363636364
0.6954545454545454
49.142857142857146
92.42857142857143
0.7593818984547461
1.4282560706401766
