4.2405063291139244
1.6582278481012658
5.0
1.955223880597015
5.407407407407407
2.138888888888889
15.368421052631579
6.078947368421052
3.425925925925926
5.203703703703703
2.642857142857143
4.014285714285714
5.706896551724138
8.344827586206897
5.015151515151516
7.333333333333333
3.3684210526315788
2.443609022556391
6.787878787878788
4.924242424242424
1.8633540372670807
3.124223602484472
7.894736842105263
13.236842105263158
10.64102564102564
9.179487179487179
12.96875
11.1875
9.116279069767442
9.55813953488372
14.0
14.678571428571429
5.0
4.672413793103448
6.170212765957447
5.76595744680851
7.8478260869565215
7.804347826086956
6.11864406779661
6.084745762711864
33.5
247.0
0.30180180180180183
2.225225225225225
2.634782608695652
3.626086956521739
2.779816513761468
3.8256880733944953
29.88235294117647
18.823529411764707
29.88235294117647
18.823529411764707
18.61111111111111
22.944444444444443
20.9375
25.8125
26.88235294117647
21.823529411764707
1.643884892086331
1.3345323741007193
22.0
31.428571428571427
1.096085409252669
1.5658362989323844
