2.6354166666666665
3.71875
2.6354166666666665
3.71875
2.3112582781456954
2.0596026490066226
8.512195121951219
7.585365853658536
2.690909090909091
8.4
3.020408163265306
9.428571428571429
5.389830508474576
5.796610169491525
7.066666666666666
7.6
2.228395061728395
2.240740740740741
5.084507042253521
5.112676056338028
1.622340425531915
2.5904255319148937
6.777777777777778
10.822222222222223
9.025
9.075
15.695652173913043
15.782608695652174
11.285714285714286
11.342857142857143
14.107142857142858
14.178571428571429
4.283333333333333
4.35
3.619718309859155
3.676056338028169
6.928571428571429
10.976190476190476
3.269662921348315
5.179775280898877
1.1111111111111112
56.44444444444444
0.02702702702702703
1.372972972972973
1.7475728155339805
1.9029126213592233
2.0809248554913293
2.2658959537572256
47.9
35.0
43.54545454545455
31.818181818181817
27.0
41.7
24.545454545454547
37.90909090909091
58.888888888888886
33.22222222222222
1.1041666666666667
0.6229166666666667
19.416666666666668
37.833333333333336
0.48846960167714887
0.9517819706498952
