4.477611940298507
4.358208955223881
5.0
4.866666666666666
6.726190476190476
2.3095238095238093
13.13953488372093
4.511627906976744
3.9761904761904763
10.119047619047619
3.5531914893617023
9.042553191489361
7.63265306122449
7.857142857142857
9.35
9.625
4.235294117647059
4.482352941176471
5.217391304347826
5.521739130434782
3.2642857142857142
2.4285714285714284
32.642857142857146
24.285714285714285
10.0
10.027027027027026
14.8
14.84
10.945945945945946
10.594594594594595
16.2
15.68
8.578947368421053
8.394736842105264
7.5813953488372094
7.4186046511627906
6.8
10.85
6.634146341463414
10.585365853658537
3.788235294117647
3.8
3.744186046511628
3.755813953488372
4.325842696629214
3.606741573033708
4.695121951219512
3.9146341463414633
33.8
22.333333333333332
31.6875
20.9375
19.25
24.25
20.533333333333335
25.866666666666667
27.352941176470587
22.176470588235293
2.2794117647058822
1.8480392156862746
24.142857142857142
25.571428571428573
1.6328502415458936
1.7294685990338163
