4.06
1.78
3.759259259259259
1.6481481481481481
2.751552795031056
2.329192546583851
9.425531914893616
7.9787234042553195
2.9857142857142858
5.357142857142857
3.1194029850746268
5.597014925373134
3.463768115942029
8.391304347826088
3.514705882352941
8.514705882352942
2.337278106508876
2.289940828402367
4.488636363636363
4.3977272727272725
1.645
1.95
5.771929824561403
6.842105263157895
8.12962962962963
6.351851851851852
12.911764705882353
10.088235294117647
5.913793103448276
6.482758620689655
11.433333333333334
12.533333333333333
7.0
7.2272727272727275
2.7017543859649122
2.789473684210526
4.1063829787234045
4.148936170212766
6.03125
6.09375
1.7142857142857142
0.1488095238095238
8.727272727272727
0.7575757575757576
1.0318471337579618
3.910828025477707
0.6612244897959184
2.5061224489795917
21.555555555555557
17.444444444444443
18.476190476190474
14.952380952380953
19.666666666666668
24.72222222222222
16.857142857142858
21.19047619047619
14.4
13.68
0.7258064516129032
0.6895161290322581
17.058823529411764
29.941176470588236
0.5753968253968254
1.0099206349206349
