1.0148148148148148
1.4481481481481482
6.523809523809524
9.30952380952381
1.6383928571428572
1.7544642857142858
4.170454545454546
4.465909090909091
4.232876712328767
4.876712328767123
5.517857142857143
6.357142857142857
5.7254901960784315
9.176470588235293
3.7435897435897436
6.0
1.451086956521739
2.532608695652174
2.3421052631578947
4.087719298245614
1.748502994011976
2.2335329341317367
2.2290076335877864
2.8473282442748094
4.043010752688172
3.838709677419355
7.52
7.14
3.532608695652174
3.6956521739130435
6.372549019607843
6.666666666666667
3.3703703703703702
4.098765432098766
2.256198347107438
2.743801652892562
4.842105263157895
5.947368421052632
2.9206349206349205
3.5873015873015874
1.4
59.1
0.028397565922920892
1.1987829614604462
1.0689655172413792
2.0727969348659006
1.1528925619834711
2.2355371900826446
17.61904761904762
16.38095238095238
16.08695652173913
14.956521739130435
14.35
19.85
11.958333333333334
16.541666666666668
15.0
16.043478260869566
0.5407523510971787
0.5783699059561128
13.695652173913043
16.043478260869566
0.493730407523511
0.5783699059561128
