2.0
4.305555555555555
6.352941176470588
13.676470588235293
4.456521739130435
3.891304347826087
8.2
7.16
7.780487804878049
8.829268292682928
7.780487804878049
8.829268292682928
11.052631578947368
9.157894736842104
9.545454545454545
7.909090909090909
3.5855855855855854
3.2162162162162162
8.844444444444445
7.933333333333334
2.9473684210526314
2.3596491228070176
8.0
6.404761904761905
13.09375
10.5
11.63888888888889
9.333333333333334
10.0
10.166666666666666
7.894736842105263
8.026315789473685
6.25
4.95
7.211538461538462
5.711538461538462
7.543859649122807
6.087719298245614
7.818181818181818
6.3090909090909095
30.571428571428573
65.42857142857143
0.8734693877551021
1.8693877551020408
2.8125
4.125
2.25
3.3
32.5
18.5
27.083333333333332
15.416666666666666
23.363636363636363
53.90909090909091
23.363636363636363
53.90909090909091
10.842105263157896
16.0
0.6377708978328174
0.9411764705882353
46.0
166.5
0.5443786982248521
1.970414201183432
