1.6134453781512605
2.8823529411764706
2.0210526315789474
3.610526315789474
2.8333333333333335
2.34
6.640625
5.484375
4.409836065573771
4.360655737704918
4.409836065573771
4.360655737704918
5.859375
6.265625
6.4655172413793105
6.913793103448276
0.49193548387096775
3.5725806451612905
0.5398230088495575
3.920353982300885
1.9685534591194969
3.6226415094339623
4.012820512820513
7.384615384615385
3.484375
4.390625
6.371428571428571
8.028571428571428
5.879310344827586
9.448275862068966
8.317073170731707
13.365853658536585
13.366666666666667
10.9
3.0150375939849625
2.4586466165413534
4.639344262295082
4.918032786885246
2.7745098039215685
2.9411764705882355
2.3333333333333335
0.16838487972508592
6.6568627450980395
0.4803921568627451
0.6423841059602649
3.218543046357616
0.40082644628099173
2.0082644628099175
12.6
12.533333333333333
12.6
12.533333333333333
10.142857142857142
12.678571428571429
8.875
11.09375
24.428571428571427
11.476190476190476
1.08
0.5073684210526316
7.829268292682927
7.7560975609756095
0.7054945054945055
0.6989010989010989
