2.5619047619047617
2.1714285714285713
2.956043956043956
2.5054945054945055
3.7674418604651163
2.108527131782946
7.253731343283582
4.059701492537314
2.440677966101695
5.983050847457627
1.6744186046511629
4.104651162790698
4.011627906976744
4.8023255813953485
5.8474576271186445
7.0
2.0236686390532546
2.532544378698225
3.42
4.28
1.4570135746606334
2.0
6.708333333333333
9.208333333333334
10.644444444444444
6.466666666666667
17.74074074074074
10.777777777777779
8.795454545454545
8.568181818181818
13.821428571428571
13.464285714285714
3.4050632911392404
3.278481012658228
4.338709677419355
4.17741935483871
6.839285714285714
6.142857142857143
4.5058823529411764
4.047058823529412
90.5
41.5
1.2791519434628975
0.5865724381625441
1.7724137931034483
3.2413793103448274
1.8098591549295775
3.3098591549295775
30.333333333333332
19.466666666666665
25.27777777777778
16.22222222222222
25.375
23.8125
23.88235294117647
22.41176470588235
10.785714285714286
15.892857142857142
0.8228882833787466
1.2125340599455041
24.75
40.833333333333336
0.7754569190600522
1.279373368146214
