57.92649572649572
6.416973264655383
8.531445603576751
13.408980582524272
0
11.217062634989201
25.862351868732908
4.757908611599297
4.452391028353787
9.882352941176471
3.3028430160692213
16.353808353808354
11.381754793724578
9.495185694635488
9.51369574378424
15.793548387096774
1221.1666666666667
17.95469861475103
15.672727272727272
168.77777777777777
58.44831115660184
28.146614437604924
12.107660455486542
9.749526813880125
19.853820598006646
19.516198704103672
12.12063492063492
14.307311028500619
8.79773622047244
9.795366795366796
7.390243902439025
3.7852925389157273
3.156754264638082
6.504077094143811
17.28437654016757
8.501702610669694
16.293017456359102
8.867898383371825
12.05999077065067
7.829934747145187
0
0
0
0
23.58810888252149
10.580507722350434
5.593939393939394
38.06970509383378
7.805991440798858
4.221105527638191
5.063853414769572
2.672889266016122
4.313424657534247
3.249911378943637
2.0221948212083847
2.983209683717298
3.1509548347984238
2.410981697171381
84.9746192893401
27.62227602905569
1.4408901251738526
3.8921251348435812
196.070281124498
61.138798993167924
