56.22177009155646
17.552245069240453
18.56706045865184
10.659462308908804
52.449056603773585
19.443603603603602
12.649253731343284
7.630459992269038
7.635299414678073
11.91278758694489
4.8978792822185975
12.899214659685864
10.17123287671233
8.619821283509342
22.577388963660834
6.519717160728855
27.53749170537492
117.58278145695364
19.99353945546839
9.071778140293638
10.799179393663096
13.76639712488769
36.412017167381975
5.251355661881978
7.733526620980496
4.349706049687085
2.618478753969454
2.5159851301115244
4.144288577154309
2.4448018716186577
2.0091410135770937
5.752642102256498
3.6462930623908556
5.4495412844036695
4.298823529411765
3.5954503126247173
8.309559939301973
9.703873744619798
27.14410480349345
10.083000630384534
0
0
0
0
27.782608695652176
16.52813203300825
5.201091640333238
50.886917960088695
5.707006369426751
2.5213270142180093
4.666666666666667
3.834597875569044
1.5470383275261324
7.054409005628518
2.8961996596710153
17.663398692810457
6.992248062015504
7.013623978201635
40.097661623108664
116.75368421052632
10.9
24.205128205128204
2878.7179487179487
2443.0150753768844
