31.42127659574468
10.753330044400592
16.371531966224367
32.571951219512194
61.69331158238173
29.19976498237368
13.218768328445748
19.12072304712718
13.293543136190992
3013.5
11.448598130841122
10.146464646464647
8.748295752490824
68.9546191247974
26.349206349206348
32.418634333120615
64.62820512820512
27.307692307692307
7.848917549516352
81.94070080862534
720.7291666666666
89.71339563862928
11.511111111111111
33.82845188284519
5.914686166971359
73.52301255230125
5.204666666666666
17.623441396508728
15.72069825436409
12.425531914893616
17.65685019206146
5.720149253731344
6.757281553398058
5.676336945124082
5.555038244097107
6.374877330716388
14.323065902578797
10.446535500427716
11.292498650836482
16.015037593984964
13.588235294117647
27.526315789473685
1005.2777777777778
1890.8461538461538
26.443259710586442
27.747178329571106
10.159937073938123
0
4.162790697674419
3.6923076923076925
3.81972038263429
2.584455958549223
5.555771096023278
4.716339869281046
3.182709993868792
4.577878893944697
4.592525889239082
3.0643967431532197
32.91683905668184
25.061699650756694
2.447969976117366
16.567240280433396
45.64327485380117
48.60158129941561
