97.937106918239
46.94636471990465
15.362962962962962
16.667196187450358
30.12199630314233
51.52416356877323
8.289167026327148
14.100129477772983
10.036653386454184
19.36259284267387
6.196648044692737
18.691339748334567
7.218619246861925
25.038659793814432
5.489611562782295
20.98099325567137
12.11120764552563
50.65587044534413
12.414255091103966
10.432513798294028
19.402047592695073
10.489080982711556
61.16778523489933
4.53125
6.188080495356037
5.572954983359607
2.366167023554604
2.551973175135414
4.22805805114029
2.472478523703468
2.745960502692998
8.765933446136492
5.403747870528109
6.649768058316766
3.5355997434252724
5.085897622867143
5.987878787878788
8.797413793103448
24.72289156626506
12.05425695273844
1.1282051282051282
39.52136752136752
48.0
2653.7739130434784
27.732132808103547
23.142597638510445
6.125900747790618
83.49820788530467
3.9390986601705236
3.5049226441631505
3.862876254180602
3.152302243211334
4.173764906303237
10.344827586206897
3.254804711717297
9.437919463087248
4.129608938547486
2.7875920084121977
68.17529880478088
247.59798270893373
2.588235294117647
35.698113207547166
428.0380228136882
76836.22222222222
