18.098652550529355
6.2572791577562095
9.113614845673167
15.453333333333333
177.46540880503144
60.50588235294118
26.00711743772242
10.555720653789004
6.061909262759924
7.841614906832298
5.379836204462016
4.0267473643108165
10.425531914893616
13.526041666666666
4.366323331840573
20.33448106246926
32.65310492505353
0
63.2112676056338
556.0851063829788
3890.1627906976746
87.21428571428571
18.065934065934066
22.344827586206897
160.5205479452055
7.782918149466192
22.51482213438735
19.964788732394368
13.435374149659864
9.07949790794979
12.506596306068602
10.122448979591837
4.148471615720524
6.586092715231788
38.27160493827161
81.72166998011929
10.7002457002457
2.670847750865052
6.805436337625179
3.5130208333333335
0
0
0
0
16.104299363057326
3.260419235511714
4.459074733096085
6.882352941176471
5.632699937356442
5.7785956964892415
3.337113402061856
1.986374695863747
10.821428571428571
9.227936297279363
2.200281096275474
3.322362869198312
3.4456066945606696
2.833217512161223
25.498
16.742175066313
3.020461699895068
2.065040650406504
8.721325774095073
26.751063829787235
