31.923240938166312
42.14330218068536
6.767175572519084
15.133603238866396
145.6258064516129
15.538663171690695
32.68296943231441
4.720461095100864
3.1561969439728355
18.784140969162994
3.057565789473684
15.922330097087379
35.119354838709675
7.89307624890447
12.114709851551957
7.955008034279593
171.2883435582822
15.72433875272992
8.250591016548464
160.9271523178808
17.19413731036256
84.77163636363636
4.235494880546075
6.283950617283951
5.681703775411423
4.949041608228144
4.386396828708533
2.909648954536735
2.9820837927232633
3.1395922025543355
5.67150319210679
7.569377990430622
3.729138166894665
10.392392392392392
5.482671174978868
5.550761763516246
16.318864774624373
9.433296582138919
36.128284389489956
6.515923566878981
0
0
0
0
103.93059936908517
11.705357142857142
7.296471283035583
28.324074074074073
12.247191011235955
6.267605633802817
13.269565217391305
4.181208053691275
2.520231213872832
22.333333333333332
3.892857142857143
36.89068825910931
8.333333333333334
2.6858638743455496
783.7837837837837
76.70533642691416
2.1016949152542375
147.5151515151515
218.49397590361446
0
