10.015463917525773
16.976629766297663
8.971571906354516
23.167173252279635
170.80104712041884
35.019442644199614
13.542976939203355
16.563467492260063
4.828059071729958
50.36085626911315
4.210815047021944
4.278884462151394
7.866063348416289
21.940813810110974
7.571428571428571
6.96140350877193
13.79559748427673
0
7.700333889816361
14.684921230307577
46.52694610778443
0
15.677966101694915
20.39840637450199
68.86384976525821
4.98811369509044
5.9422706863373955
3.5879929370217774
216.6904761904762
11.670675300647549
16.306382978723406
8.352201257861635
3.752577319587629
3.8965647414118534
3.7629221226740177
4.154168119986048
5.784037558685446
4.654639175257732
6.156579677956691
2.613603473227207
26.2
41.583333333333336
2426.9473684210525
3377.846153846154
26.17680339462518
18.890625
6.006467840459935
152.88
2.6831353919239906
3.5266821345707657
2.841046277665996
2.24188790560472
3.156268568033274
3.173689619732785
2.578640776699029
2.5949579831932774
2.852253756260434
3.061479869423286
32.72920353982301
28.40671641791045
2.402223137093454
2.7026286966046
37.31511088189789
23.312
