10.99347061778001
17.248862443122157
4.528551724137931
16.663660955816052
22.9492600422833
107.882
11.761904761904763
16.722070844686648
6.984792868379654
2.916376306620209
28.90892279241794
10.790937178166839
14.621766280107048
37.98447893569845
53.80103359173127
10.957200402819739
277.95
17.25179856115108
4.429280397022333
1.9828326180257512
30.031007751937985
800.5443786982248
1.3598326359832635
642.4528301886793
3.0050590219224285
3.174228675136116
8.12539184952978
4.583783783783784
4307.0
794.2048192771084
71.24528301886792
68.15094339622641
75.27272727272727
6.014319809069212
44.16
9.365853658536585
26.910505836575876
1.8129496402877698
7.092905405405405
16.2
116.0
10.804597701149426
108.5
71.6701244813278
4.862068965517241
3.1
227.53968253968253
23.1866485013624
5.603603603603603
17.921975308641976
5.403303902022216
6.7458071278826
0
11.331854480922804
13.869215291750503
24.44939271255061
5.493727886780316
4.779821627647714
22.128174123337363
4.621478873239437
2.5280539174389216
4.6007175807278315
8.606500956022945
4.444297738900809
