17.484828921885086
11.084031007751937
7.5595913734392735
15.830706888788834
39.87692307692308
41.341353383458646
14.184451955577016
12.344695518958254
7.21227621483376
17.531978931527465
4.4520990312163615
1.5988771054273239
14.857142857142858
12.934646374216651
35.02040816326531
19.007115948095436
1229.9019607843138
31.999131944444443
10.133630289532293
185.47976878612718
123.48783610755441
57.745098039215684
19.480263157894736
13.312883435582823
14.290753098188752
23.988625592417062
9.068965517241379
27.387900355871885
8.762264150943397
15.24705882352941
8.167242229896399
12.962356792144027
3.954588457899716
7.411680911680912
194.48818897637796
76.48009950248756
9.523148148148149
14.17674418604651
9.144633236634894
28.8747591522158
116.45454545454545
7.766203703703703
39.47096774193548
3.256113256113256
5.466908431550317
21.68831168831169
6.304679552390641
136.50220913107512
8.135135135135135
4.752716373173473
3.938823529411765
2.1996685998343
11.528822055137844
4.306441902468393
2.474864655839134
2.24683925346177
3.517730496453901
3.014444157854011
38.23899371069182
56.939586645469
2.4174636174636173
1.9924909373381667
44.18121546961326
67.24269377382466
