110.11764705882354
42.498448810754915
14.51978417266187
235.20437956204378
514.1842105263158
35.86703601108033
12.556390977443609
23.756708407871198
14.0
549.5869565217391
11.235109717868339
18.085308056872037
11.208907741251325
10.861040068201193
31.789473684210527
10.016510731975785
674.8666666666667
29.848673946957877
7.0
381.4339622641509
198.24846625766872
84.78873239436619
32.16536964980545
24.574468085106382
5.189456342668863
0
6.256860592755214
40.306068601583114
16.037959667852906
39.93150684931507
20.609756097560975
24.266389177939647
7.713125
13.290909090909091
12.1078125
11.254797441364605
38.63008130081301
5.7155172413793105
49.26053639846743
4.265335235378031
163.79514824797843
123.42857142857143
0
30.778301886792452
0
162.16589861751152
112.76264591439688
0
24.8135593220339
11.15136476426799
6.793503480278423
5.516648764769066
14.186440677966102
12.024418604651164
6.475425330812855
5.000768049155146
4.426197458455523
4.146247594611931
112.46324655436447
193.24976958525346
4.663043478260869
6.109396914446003
328.5530546623794
166.40256615878107
