53.00356506238859
41.31483208955224
14.982078853046595
15.535870243293823
78.01490066225166
159.39944134078212
16.73398058252427
22.97138664710198
7.690476190476191
5.986660738105825
10.672016048144433
13.873873873873874
7.9046843177189405
17.314319667260843
8.4324200913242
11.952586206896552
23.4611320754717
9.660905996334119
7.941437007874016
35.50046339202966
3294.3548387096776
16.0455764075067
111.64688427299703
6.504424778761062
11.272532188841202
12.676923076923076
7.324468085106383
15.417130144605117
25.489787049109083
64.26955074875208
14.576847096009482
33.76928422515636
14.184848484848485
14.104890148830616
4.696172248803828
8.123945489941596
7.065044062106589
8.557040082219938
14.186046511627907
9.154022988505748
6.101778050275905
3.813598166539343
12.321188539087371
21.268411442483263
13.326145552560646
19.3757225433526
11.896053897978826
21.879895561357703
11.447397978285286
19.127388535031848
6.761270090160721
3.3029490616621984
9.539512555391433
22.85763688760807
5.054277498202731
4.792628774422735
9.161991986262164
4.076923076923077
4.316047366271948
58.041666666666664
2.71228266965788
4.365172667156503
15.64109232769831
14.510310965630115
