25.506415094339623
15.164772727272727
3.2784992784992784
7.7610710607621005
286.05102040816325
20.31469298245614
23.675868210151382
23.367021276595743
8.518518518518519
15.01632208922742
7.781379883624273
8.743150684931507
10.497081712062256
13.806345009914079
10.175388967468175
36.792602377807135
41.494661921708186
27.728719723183392
8.280188186095138
13.648946840521564
14.18811369509044
123.140625
13.476495726495726
22.99047619047619
16.96551724137931
12.175536881419234
24.8948069241012
6.791666666666667
108.33128834355828
6.331204379562044
4.1414248021108175
3.552995391705069
8.58
11.112263575350823
3.5522847100175747
30.045955882352942
10.471584038694076
7.314775160599572
13.215439856373429
4.763123359580052
9.135531135531135
6.654761904761905
10.551765409934172
2.187992125984252
7.185897435897436
6.841937539834289
13.877086494688923
60.292598967297764
6.106194690265487
3.057442865966646
3.4936708860759493
2.2827891532927502
2.133810780248775
2.3550394027374533
1.7006064474944143
1.421654695397712
2.949070331447049
2.6142689141513133
11.537922987164528
15.975695978789219
2.7596153846153846
3.05045871559633
53.25773195876289
21.464435146443513
