18.049290515309934
6.185354691075515
4.082285714285714
21.420911528150135
2968.4848484848485
12.673060156931125
24.155844155844157
3.6852646638054365
4.09556313993174
19.95690499510284
4.846037354871277
3.179031125672829
10.205856255545697
23.98311048557354
5.572481572481572
12.873563218390805
103.37738619676945
22.259455063033755
20.889202540578687
10.151742390824879
130.65113350125944
0
12.041772151898734
22.720481927710843
7.700620017714792
39.10344827586207
7.098591549295775
3.4853310980720873
7.731524789522918
13.608895705521473
5.025270758122744
13.43884892086331
2.5602409638554215
2.2645522388059702
20.174081237911025
20.279451010293556
621.7142857142857
5.08922792417938
24.5812167749557
66.20377358490566
0
30.875
0
5.6
14.310188189487345
12.594012913324203
4.185013128660876
41.22699386503067
6.075523202911738
3.4852573713143427
8.372413793103448
2.3561474140600804
3.915593705293276
6.087441314553991
3.4977635782747605
6.552747946936197
7.153374233128834
2.8254790264111858
571.3690773067332
71.05673382820785
2.295486014954306
5.46292372881356
68.6214160327677
41.467462347257744
