14.113913751017087
10.716260162601627
5.842398884239889
11.61033434650456
1099.9180327868853
30.69192751235585
15.675324675324676
9.409090909090908
3.0850661625708886
14.571428571428571
5.842026825633383
5.310344827586207
11.033210332103321
15.554529717253319
9.35501066098081
28.304114490161002
60.12385321100918
11.425225225225224
6.746831623415812
50.7046875
20.840642640034737
7085.8
7.7910740559097595
16.51619718309859
5.9089354424967935
20.734994337485844
4.3685380767092825
3.6061655697956354
6.240286298568507
21.272251308900522
3.2534375
4.379778830963665
4.481423173803527
4.327771797631862
7.426583357000852
6.420252064319861
15.27536231884058
20.23732057416268
12.178571428571429
7.487293802942488
0
0
0
0
22.050171037628278
11.49357264128062
9.761151891586675
18.29892008639309
3.451476793248945
2.160839160839161
3.4734607218683653
2.2091152815013406
1.894369271060672
3.3060785368477674
1.9816220535357572
2.9401423189619087
4.2687747035573125
2.1046115753636645
56.903225806451616
42.36842105263158
1.6019417475728155
2.2533566841798014
58.4745269286754
63.50445986124876
