15.521264994547437
5.777351247600768
11.01878707976269
11.971456216739236
31.37704918032787
33.07829181494662
12.162033359809373
7.41701244813278
6.130558183538316
18.183673469387756
5.545945945945946
9.592860178495538
10.673202614379084
8.508364629566405
10.575311438278595
4.749883341110593
1330.6666666666667
14.973926784303398
9.33957219251337
77.52688172043011
134.6008230452675
47.50774526678141
12.869881710646041
5.673003802281369
6.4694754944110064
11.427737226277372
3.652574942352037
3.409655172413793
4.908450704225352
5.8118638118638115
2.8059883898564006
4.702068965517241
2.686233980983878
2.7677508016491066
10.878727634194831
10.135458167330677
16.39314966492926
7.195961450206517
22.809560524286816
10.32843137254902
0
0
0
0
19.148754448398577
9.162253108997806
5.0267290344136315
41.83990442054958
4.085522296884545
3.807332854061826
4.577686516084873
2.564648910411622
2.2128227960819236
3.778471138845554
2.7203065134099615
6.19907100199071
6.814098919840819
3.023011707710941
71.64189189189189
108.88767123287671
5.084905660377358
18.138364779874212
407.4782608695652
122.13778705636743
