43.984177215189874
7.358855585831063
13.697818300227938
13.858596134282807
81.02641509433963
24.11876665397792
14.281560826319817
7.913793103448276
11.035398230088495
15.141156462585034
14.190238491403218
14.99712643678161
6.975567938276897
14.69767441860465
8.529830810329475
17.8121546961326
356.22222222222223
28.57368232341341
9.138571894359309
58.76315789473684
244.47761194029852
68.45132743362832
11.963746223564955
9.655765920826163
13.452408930669801
17.453135100193922
3.842007434944238
22.887323943661972
8.508228460793804
12.979566563467491
9.725268513284341
9.32121762835075
4.721702127659574
5.123214285714286
5.717482517482518
6.15877640203933
5.41451040081177
107.88
17.246753246753247
16.734959349593495
3069.72131147541
25.96511627906977
313.9767441860465
1.7127659574468086
30.362989323843415
18.917335473515248
6.162513542795233
121.53132250580046
3.9108826049700087
33.93377483443709
3.59982332155477
1.9991260651081495
9.784290738569753
3.674365424193917
3.112727272727273
2.6784304620385417
4.707794606575545
3.0844106463878327
31.088513981973655
45.70818505338078
2.2224587546567323
3.5372279495990835
32.38213399503722
119.25849639546858
