19.415744157441573
23.826678765880217
15.298507462686567
27.09933774834437
54.25978090766823
36.192968111201964
22.064
15.111587982832617
8.419695193434935
26.51843043995244
6.360869565217391
38.391549295774645
12.981677917068467
28.234465617232807
12.814759036144578
86.162
55.982142857142854
0
61.6578947368421
113.77639751552795
37.448995983935745
0
20.724409448818896
4.516511430990686
77.81914893617021
32.5896700143472
36.27272727272727
18.820253164556963
59.204819277108435
17.617021276595743
12.642052565707134
22.103896103896105
12.375
10.305059523809524
10.754874651810585
5.925946242457488
12.689133425034388
62.27358490566038
20.224719101123597
57.138632162661736
10.242105263157894
11.910039113428944
51.63602251407129
8613.0
39.71104231166151
31.54471544715447
41.8130081300813
0
17.410958904109588
9.645257654966393
7.6951909476661955
4.805084745762712
15.221621621621622
10.413223140495868
5.894736842105263
7.1853360488798375
7.905255366395263
5.829307568438003
65.86784140969164
40.82706766917293
4.751361161524501
7.307212822796082
72.26183844011142
44.19239130434783
