23.40094836670179
6.065499351491569
6.11994931718992
15.89788120875304
235.10249671484888
84.31459612659424
20.042857142857144
10.546824542518838
4.684638425331622
1455.764705882353
3.8040038747174685
5.793125951707635
10.308339910549856
17.278171953255427
6.319604612850083
28.303072625698324
225.27041742286752
15.42654028436019
8.723976109215018
67.80172413793103
6732.0
12436.914285714285
34.0
73.17307692307692
12.900293255131965
7.706200317965024
6.331221719457013
13.09683995922528
16.83374514648782
54.49238578680203
14.584097859327217
25.273690406121247
3.327731092436975
4.329856584093872
15.16728624535316
13.790601813685079
8.406070826306914
10.595426195426196
7.2160872528970685
6.29976717112922
853.1025641025641
16.2993762993763
86.16751269035532
3.6101083032490973
33.116279069767444
20.57681235278723
12.81554635234151
43.479915433403804
10.31022128556375
10.278807791598217
3.7134405144694536
3.293577981651376
83.06976744186046
16.037247474747474
5.6450898350972185
11.122673031026252
4.48
4.4431137724550895
38.963855421686745
65.53191489361703
3.485429002670382
5.35065942591156
40.58542413381123
14.69774011299435
