33.58932102834542
6.324757281553398
10.060699833373006
8.968464730290457
34.07969543147208
28.878923766816143
12.780956272987332
5.338078291814947
4.036589966050547
16.072105263157894
4.213640610401744
3.143112992510583
9.161953727506427
4.624389250814332
11.542997542997544
14.320844958150658
496.52542372881356
14.356071743604822
7.864077669902913
68.18181818181819
602.42
328.80360721442884
9.634095634095635
27.953488372093023
88.5578947368421
10.065052231718898
3.5239373601789707
110.24444444444444
13.781697905181918
15.286624203821656
10.583376355188436
12.788447653429603
5.590235396687009
5.32092004381161
57.54239019407559
40.843062200956936
4.174071187321382
9.351247600767755
10.070409572020248
6.030899727355347
57.34321157822192
5.613271688876802
19.256417410714285
10.548367221195317
25.484848484848484
24.45193929173693
10.123102866779089
1246.987951807229
3.1307708825424094
40.83815028901734
2.237780401416765
5.790983606557377
6.9084786053882725
14.701763762693746
6.377581120943953
9.893907998342312
2.4322830292979547
1.8525073746312684
40.90909090909091
21.196892579694616
2.613650998068255
3.0988041560478337
17.443899568458217
24.608612236196972
