13.979026217228464
17.77668409720086
9.893124065769806
25.62
134.858407079646
15.076923076923077
39.48066935949221
11.423455684870188
8.965221774193548
20.958191126279864
8.046092906013683
40.52002626395272
20.201482167670218
12.875649823248077
10.371436044990844
24.262931034482758
28.45468509984639
105.33213965980305
15.255406195207481
48.17084745762712
183.2075
51.86612244897959
58.0
19.77027027027027
10.398249452954047
4.2044167610419025
4.5710552107154525
2.824612403100775
8.752263374485597
5.162526076237436
4.9823798129214705
3.6966143370531492
7.567728744249446
7.175875158161113
6.5239069291741245
8.363377067883627
21.72048547260022
17.26930693069307
30.393700787401574
8.798559300231542
0
0
0
0
74.55483870967743
11.98485039767706
11.720634022077554
31.353795105765244
4.681734317343174
3.848845346396081
5.819184123484013
2.709616295594505
3.7452471482889735
3.920289855072464
4.329670329670329
11.091931216931217
6.543868153174988
7.485281749369218
70.0695134061569
212.56968773800457
7.027382256297919
13.16486902927581
25232.153846153848
332.42922374429224
