15.792201382033564
23.43028846153846
14.217527386541471
15.857524828113064
52.786206896551725
30.86436394271272
37.17269076305221
12.687285223367697
6.932909379968203
16.768622280817404
12.032359550561798
14.33409821018816
23.25
13.644787644787645
38.08904109589041
8.278215223097114
41.58365570599613
117.15254237288136
32.67379679144385
12.725542041248017
21.66045099739809
2466.6744186046512
21.448626653102746
22.96
22.831885856079406
12.001015744032504
11.879848628192999
6.520016174686615
71.76170212765958
8.805139186295504
770.9814814814815
9.386500231160426
6.0
7.081518987341772
4.587288485348742
5.232473811442385
43.097949886104786
15.930207197382769
70.08810572687224
11.02692998204668
1.2
49.67213114754098
60.98360655737705
2210.1176470588234
26.181626187961985
16.347406513872134
15.781430745814307
31.056554142919772
4.809345255263917
4.659670164917541
2.961386573058359
2.8636467106760755
20.004842615012105
11.28368017524644
5.3430079155672825
3.9607843137254903
4.035663338088445
3.3590015932023367
497.2620320855615
31.057663579324768
2.940884252359662
2.9187261146496817
37.632304299889746
29.32992895204263
