112.96744186046512
16.312232270347454
11.26530612244898
157.21100917431193
99.24482109227871
52.70594837261504
16.933727810650886
13.93551912568306
12.561728395061728
25.74468085106383
4.8671140939597315
88.7764705882353
12.458167330677291
14.516546762589929
14.154302670623146
5.5359712230215825
2784.8571428571427
31.565217391304348
12.802697302697302
452.1578947368421
42.09985315712188
134.0497803806735
9.311397557666215
24.10891089108911
5.647242862729762
56.061776061776065
5.245104232469994
3.722246990637539
12.432553956834532
7.539338035811177
14.514435695538058
4.270457164809835
6.783985921689397
5.129380936783492
6.0340608465608465
5.579945799457994
6.235714285714286
34.94945848375451
78.96036585365853
33.76872427983539
1.6071428571428572
41.189189189189186
32.17391304347826
2805.373134328358
7416.0
33.06797706797707
21.617493925720236
181.81233243967827
5.052742616033755
4.527813712807244
7.852459016393443
2.8350515463917527
4.313099041533547
4.503239740820734
3.05870236869207
4.642712550607287
6.843615494978479
3.326328800988875
1034.1463414634147
130.23593466424683
2.521190261496844
3.287869643934822
56.995384615384616
415.65834932821497
