73.66844919786097
23.517888563049855
8.986141502552881
17.82306163021869
23.891013384321223
43.180579216354346
10.279314159292035
20.225858369098713
7.879947229551451
18.996879875195006
4.374093765103915
17.82608695652174
10.445385266723116
18.648829431438127
12.572661870503596
39.86206896551724
67.93763919821826
27.985955056179776
7.311320754716981
61.46711635750422
11.148236092265943
13.775510204081632
12.68918918918919
9.072468256426138
7.703703703703703
17.686486486486487
2.4691358024691357
4.36849132176235
22.65015479876161
4.88582111015243
3.6373526745240254
2.577753182069729
4.247347994825356
4.079826732673268
4.769140853302162
7.6352575718353615
10.444483240223464
19.13799283154122
21.41526717557252
23.49179046129789
0
0
0
0
46.26069651741294
29.71193709792709
8.821904761904761
82.88657214345288
3.62713567839196
2.1343585592877377
4.074513124470787
3.046793760831889
3.2947976878612715
2.5709779179810726
3.1245847176079735
2.783081102056655
4.795355587808418
4.294091114118178
64.33617747440273
83.77096587622903
3.0811850711812236
5.0676773145641585
230.86514886164625
68.97045658012533
