50.283671036948746
10.895270999784064
11.692126909518214
8.626313881841247
259.0924369747899
24.385286783042392
13.702926559911651
7.582369942196531
8.104924068108605
13.078152753108348
8.963141025641026
18.502472799208704
8.616237623762377
9.628458498023715
8.127007844602167
8.551369061549263
25.05235602094241
43.78727841501564
13.307068366164541
10.477045908183634
51.11045576407507
11.544013490725126
17.701140873015873
28.13172338090011
13.094447624499141
5.615832831022704
3.551814223512337
2.8287606433301797
5.4923913043478265
2.710519235942965
3.1281699794379714
5.443886097152429
7.436823104693141
9.866943866943867
6.920702179176756
4.3162422573984855
8.485229415461973
10.005575809564657
16.674440298507463
9.94142259414226
0
0
0
0
150.85714285714286
14.07593768032314
5.403162498598183
105.39375
4.9726848767488345
2.0367321089297024
3.7043854899837574
1.8540880503144654
3.476394849785408
8.252229930624381
3.737541528239203
7.3891166604547145
4.010669828097214
2.6451612903225805
43.43991989319092
206.79177377892032
2.4401408450704225
12.26950354609929
228.12307692307692
429.63154016212235
