17.238421955403087
8.714476614699333
7.367990176013099
10.55421686746988
2497.8947368421054
10.16593886462882
23.983218163869694
11.900142653352354
6.488436632747456
8.536585365853659
4.5083285468121765
25.41348600508906
12.68235294117647
9.233969652471854
11.197604790419161
6.265256305939788
59.18762088974855
23.348954578226387
14.981905910735826
46.36507936507937
316.73267326732673
134.08450704225353
19.869565217391305
11.173708920187794
10.450381679389313
0
10.243632336655592
12.155963302752294
16.521499448732083
11.830342577487766
9.588068181818182
4.997450280469148
3.6275256222547583
5.229508196721311
4.500160513643659
3.42925
12.680652680652681
19.59367945823928
9.86030061892131
16.9628217349857
0
0
0
0
25.8994708994709
10.776688042248209
12.222222222222221
19.790977443609023
5.049800796812749
2.5942178626742387
3.9037536092396534
3.306600863664405
3.239973701512163
3.487640449438202
2.126092959042798
2.9216867469879517
3.8523391812865495
3.6918202764976957
50.377057886351565
49.746442432082794
1.985732270247587
2.657476139978791
34.63663366336634
36.00874635568513
