167.37556561085972
43.0020366598778
5.08303886925795
14.532743362831859
48.73029045643153
17.91817626704661
12.037271710771524
7.901302261823167
4.20996640537514
24.424812030075188
3.5335919950990404
6.953610045343565
9.158671586715867
8.090847457627119
32.07887323943662
10.916267942583731
43.864285714285714
23.167792488516618
6.34125
136.91752577319588
6.848876404494382
15.192926829268293
6.147862423657988
8.106005308560054
8.227764705882352
6.23961661341853
2.044589450788472
2.893030794165316
11.434034416826004
6.203887346291154
2.319804058782365
2.956017729287419
2.4548179396092364
3.2799121844127335
3.2359913793103448
5.662015503875969
13.583292860611948
6.2401453224341505
30.4251968503937
10.37377049180328
1.206896551724138
37.40506329113924
43.1375
2142.375
31.56436931079324
14.676333021515434
7.997867803837953
50.78432893716059
2.7205882352941178
3.0352941176470587
2.916381082933516
2.6426185704742817
1.8912685337726525
2.775253407899336
2.1397949673811745
2.971927635683094
2.8158268275372604
3.5259659326963027
73.07768924302789
89.44604863221885
1.8378995433789955
2.845122360040228
55.15093304061471
78.23928215353938
