8.5077484047402
9.33005366726297
26.7011583011583
22.02051282051282
284.0233918128655
13.532530120481928
19.0946261682243
12.670391061452515
16.214521452145213
10.171666666666667
13.45290251916758
14.89990234375
13.372197309417041
12.236742424242424
14.602282704126427
34.810664605873264
57.86007702182285
36.86132596685083
19.227272727272727
45.0
281.3217054263566
42.629890453834115
23.86287192755498
12.04
13.343629343629344
3805.090909090909
35.333333333333336
45.97082228116711
16.818374558303887
19.846710050614607
13.318477251624884
5.3384962891255245
7.913553565915406
5.386985224772085
26.788638878642566
12.42374616171955
17.01283880171184
10.233890214797135
0
15.742116327960757
0
0
0
0
0
13.148854961832061
15.873658705434407
9.393201653651815
25.65
52.20338983050848
15.664122137404581
3.7162162162162162
5.901515151515151
4.045778229908444
3.1295166588456125
6.403724079559882
9.635842880523732
3.3291325351816847
69.35742971887551
112.66558966074314
6.06015037593985
15.208602150537635
115.82506527415144
0
