10.69162377164249
9.446193010877112
3.63926576217079
13.075842696629213
47.96839729119639
16.656121480544133
8.729139922978177
9.10948905109489
3.103650463400794
4.3583131882890145
5.344951140065146
2.772727272727273
6.3778899813978205
8.436554898093359
6.191289496157131
6.309820944112859
7.9204188481675395
19.247372109320253
2.8865159128978224
38.65559845559846
14.873580394500896
53.62060889929742
6.846326416152552
21.799126637554586
2.8635634028892456
15.34470989761092
2.458267716535433
1.7622289912202114
7.311645101663586
12.562845849802372
3.7694796441089244
6.761360216671682
2.5661262798634814
3.149277688603531
21.130348652931854
9.391276182250055
4.932285714285714
5.487256371814093
5.481579946828712
13.31013484123532
206.8994764397906
9.37475345167653
31.16921692169217
3.6375545851528384
8.214806505888951
16.08636562911004
6.91632292280495
81.11172413793103
2.3333333333333335
2.8108646897582856
2.3314144736842106
2.535971223021583
2.06814044213264
2.9443127962085307
2.910022414345181
2.8244654400795626
2.840232006327445
1.6373341960530572
154.02970922882426
26.52340129749768
2.693063228974831
3.402400835073069
32.83610611510792
29.00180396873121
