72.74597273853779
40.28321487151449
10.557486631016042
16.50457951706911
79.11055900621118
18.664712778429074
11.594231725509697
7.560311284046692
6.030321046373365
26.470588235294116
5.44115872057936
12.296110414052698
14.571428571428571
8.02016129032258
33.77922077922078
12.444861567339277
22.61946902654867
69.29411764705883
10.415289256198347
9.211334926596107
12.911196911196912
14.842746026378085
30.587245970567626
8.938401048492791
9.72845953002611
10.817582417582418
3.803884858413293
4.078900709219858
12.92544570502431
4.749651081646895
1.9301717089125103
3.5541148451971423
5.034323770491803
5.449023472495968
2.7071980479869864
2.9472103004291847
9.38766006984866
7.910828025477707
7.097698981516409
12.04989604989605
2.180293501048218
14.40746500777605
23.996674057649667
0
43.23444976076555
13.326029112537173
7.069833333333333
55.78297278436846
3.06
4.69789029535865
2.675925925925926
2.3178222429036763
3.2215743440233235
2.98
4.430548926014319
4.728967254408061
3.198921832884097
2.686879068174032
41.5858330321648
114.52259036144578
3.6731738035264483
13.909433962264151
127.91666666666667
234.67741935483872
