82.60210696920583
10.662734584450401
19.155559515324306
10.646023688663282
7.455514059753955
1900.6849315068494
8.570252187339166
6.4881349471075955
16.242566143760243
8.271013754457464
6.0495049504950495
12.805970149253731
3.6159728122344945
12.459016393442623
3.802705287607597
8.667469050894086
26.739022369511186
8.671435768261965
15.198618307426598
6.108283202221194
7.575043492013285
0
0
56.302425106990015
18.886675520141655
8.041856348002023
7.515803861267726
14.636160714285714
7.836037391210916
12.247758761206194
6.942892485310793
10.703995064013574
5.90992443324937
19.193438140806563
3.422403608634948
2.207510310397222
6.335869565217391
7.899739891227241
4.702540106951871
5.475072744907856
3.671150971599402
5.821478818196029
115.72062084257206
9.038628472222221
6.775510204081633
14.993837811190534
6.605998536942209
44.33127026230475
6.840970350404312
7.405144694533762
4.408951563458001
2.4338555265448214
9.440823854903167
4.285615171137835
1.8449477351916377
2.8606603245663123
3.0045619002674218
1.789341328948641
28.39341933956681
30.243394507353898
1.8148797196112794
1.9448275862068964
36.89059993583574
46.48035380166695
