121.159375
29.547014925373134
27.678021978021977
26.792708333333334
0
66.56534954407294
36.83082077051926
23.449720670391063
9.70556161395856
24.96831432192649
9.672343876723438
71.9291553133515
13.116776315789474
36.60444444444445
12.785657998423956
31.734848484848484
46.670959433354795
226.52329749103941
28.55965082444229
19.91854150504267
187.33223684210526
10.574043261231282
57.733496332518335
10.239637305699482
28.076190476190476
15.75452196382429
20.604340567612688
9.212903225806452
89.22018348623853
11.181640625
11.077483443708608
9.16
8.475219683655537
17.142857142857142
5.17704688593422
6.407766990291262
28.623655913978496
20.03252032520325
437.9047619047619
16.65753424657534
5.911111111111111
8.83125
160.85042735042734
1403.0842105263157
106.37946428571429
24.181653372008704
20.476463364715514
115.7090909090909
4.73015873015873
6.738868832731649
6.842709529276694
7.150153217568948
4.418815331010453
5.493827160493828
4.684071381361534
4.895773016792125
5.19951729686243
5.781506849315068
65.78477029578352
97.93687230989957
3.2434077079107504
6.070204081632653
60.432154340836014
285.62614379084965
