17.728544776119403
15.86910994764398
4.2661847894406035
19.862385321100916
8.505332239540607
18.566775244299674
6.429767441860466
8.217203267659778
3.925513698630137
21.1865864144454
3.676940011007155
4.86899918633035
6.329467737139459
7.550295857988166
7.375119617224881
9.669767441860465
14.436090225563909
15.600153787004999
14.073745002221235
6.694504439644828
31.306982872200262
17.57190219643597
315.2162162162162
11.10538954108858
3.7639299522401637
3.473198152981329
2.086259679452548
2.342812923195976
4.141929499072356
4.127688967831063
3.1820185103569854
3.0419140133117466
3.371581054036024
4.195703195522658
3.3312525444429366
2.6869792906450845
6.427804753386149
5.529691211401425
5.212762143753361
7.796524257784214
27.02127659574468
1.901639344262295
2511.4606741573034
217.19148936170214
18.554744525547445
13.677310408351243
5.894232414855383
32.08612440191388
2.472732938610159
3.5357142857142856
2.670967741935484
2.6074074074074076
2.60832769126608
3.456084656084656
2.42973708068903
3.3698088332234675
2.4526404023470243
2.264018691588785
66.35417446649195
33.66568338249754
2.2262103505843074
2.556872797180391
49.583793738489874
44.26373626373626
