2.7580645161290325
2.4274193548387095
6.84
6.02
3.142857142857143
2.8151260504201683
6.8
6.090909090909091
4.964285714285714
6.517857142857143
4.964285714285714
6.517857142857143
6.128205128205129
12.051282051282051
3.2739726027397262
6.438356164383562
3.7547169811320753
4.056603773584905
4.975
5.375
2.9421487603305785
2.727272727272727
5.476923076923077
5.076923076923077
7.654545454545454
7.4
9.355555555555556
9.044444444444444
6.0
4.553846153846154
11.142857142857142
8.457142857142857
5.578947368421052
4.894736842105263
3.8313253012048194
3.36144578313253
6.661290322580645
5.516129032258065
5.294871794871795
4.384615384615385
2.671361502347418
0.13145539906103287
9.64406779661017
0.4745762711864407
1.0350877192982457
5.587719298245614
0.7468354430379747
4.031645569620253
12.473684210526315
17.105263157894736
19.75
27.083333333333332
28.857142857142858
39.142857142857146
23.764705882352942
32.23529411764706
11.08
11.4
0.7780898876404494
0.800561797752809
49.25
188.75
0.5225464190981433
2.0026525198938994
2.2666666666666666
1.6933333333333334
5.396825396825397
4.031746031746032
2.6178343949044587
1.8789808917197452
7.339285714285714
5.267857142857143
4.607142857142857
6.0
5.26530612244898
6.857142857142857
4.717391304347826
10.630434782608695
3.6779661016949152
8.288135593220339
2.96875
3.1875
5.205479452054795
5.589041095890411
3.457943925233645
2.7663551401869158
3.9361702127659575
3.148936170212766
6.777777777777778
5.73015873015873
7.907407407407407
6.685185185185185
5.024390243902439
3.097560975609756
11.771428571428572
7.257142857142857
3.074468085106383
2.797872340425532
4.982758620689655
4.5344827586206895
5.706896551724138
7.189655172413793
3.521276595744681
4.4361702127659575
2.227467811158798
0.14163090128755365
8.109375
0.515625
0.9246575342465754
4.198630136986301
0.8940397350993378
4.059602649006623
17.27777777777778
14.833333333333334
22.214285714285715
19.071428571428573
28.76923076923077
38.61538461538461
19.68421052631579
26.42105263157895
12.26086956521739
12.869565217391305
0.7157360406091371
0.751269035532995
26.875
82.625
0.5256723716381418
1.6161369193154034
3.014388489208633
1.7410071942446044
6.253731343283582
3.611940298507463
2.3503184713375798
1.9044585987261147
7.530612244897959
6.1020408163265305
6.571428571428571
5.232142857142857
8.363636363636363
6.659090909090909
6.59375
14.28125
3.1029411764705883
6.720588235294118
3.536842105263158
3.536842105263158
3.536842105263158
3.536842105263158
2.7346938775510203
3.292517006802721
9.348837209302326
11.255813953488373
1.8153846153846154
8.523076923076923
2.3137254901960786
10.862745098039216
6.5
8.775862068965518
6.5
8.775862068965518
6.019230769230769
5.788461538461538
5.796296296296297
5.574074074074074
8.596153846153847
5.153846153846154
8.277777777777779
4.962962962962963
3.108695652173913
0.22826086956521738
11.215686274509803
0.8235294117647058
1.2967032967032968
6.56043956043956
0.8194444444444444
4.145833333333333
15.428571428571429
10.857142857142858
21.6
15.2
14.464285714285714
14.892857142857142
20.25
20.85
15.0
20.047619047619047
1.1580882352941178
1.5477941176470589
15.4375
35.9375
0.8916967509025271
2.0758122743682312
