4.536842105263158
2.694736842105263
5.192771084337349
3.0843373493975905
3.4285714285714284
1.8991596638655461
6.915254237288136
3.830508474576271
4.141025641025641
4.666666666666667
5.47457627118644
6.169491525423729
5.795454545454546
8.613636363636363
2.7419354838709675
4.075268817204301
3.5943396226415096
3.6132075471698113
3.8877551020408165
3.9081632653061225
2.537974683544304
2.088607594936709
8.717391304347826
7.173913043478261
5.71875
6.21875
7.787234042553192
8.46808510638298
7.9423076923076925
6.115384615384615
7.0
5.389830508474576
8.473684210526315
7.552631578947368
2.476923076923077
2.207692307692308
5.3
4.871428571428571
3.7857142857142856
3.479591836734694
2.110671936758893
0.2964426877470356
6.512195121951219
0.9146341463414634
1.1495327102803738
5.5046728971962615
0.5394736842105263
2.5833333333333335
14.619047619047619
16.571428571428573
17.055555555555557
19.333333333333332
18.55
23.45
19.526315789473685
24.68421052631579
18.0
16.473684210526315
0.7685393258426966
0.7033707865168539
20.785714285714285
39.214285714285715
0.6466666666666666
1.22
