3.443396226415094
1.9056603773584906
3.882978723404255
2.148936170212766
2.9586206896551723
1.8620689655172413
7.8
4.909090909090909
2.347826086956522
3.8152173913043477
4.235294117647059
6.882352941176471
4.288135593220339
7.559322033898305
3.011904761904762
5.309523809523809
3.3555555555555556
1.4444444444444444
4.819148936170213
2.074468085106383
1.5609756097560976
2.4048780487804877
13.333333333333334
20.541666666666668
3.746031746031746
6.5396825396825395
4.627450980392157
8.07843137254902
7.896551724137931
6.120689655172414
8.178571428571429
6.339285714285714
20.72222222222222
13.055555555555555
3.032520325203252
1.910569105691057
3.8518518518518516
4.271604938271605
5.2
5.766666666666667
3.6620689655172414
0.5310344827586206
7.08
1.0266666666666666
1.1153846153846154
7.32051282051282
0.6126760563380281
4.02112676056338
5.482758620689655
6.758620689655173
9.352941176470589
11.529411764705882
5.490196078431373
9.235294117647058
6.829268292682927
11.487804878048781
20.72222222222222
18.72222222222222
1.4860557768924303
1.342629482071713
9.025641025641026
10.23076923076923
1.5304347826086957
1.7347826086956522
