4.255813953488372
2.511627906976744
3.7731958762886597
2.2268041237113403
2.3146853146853146
3.4335664335664338
8.275
12.275
3.6794871794871793
3.782051282051282
6.833333333333333
7.023809523809524
7.875
12.675
3.9375
6.3375
2.814814814814815
2.325925925925926
4.810126582278481
3.9746835443037973
2.157068062827225
2.1099476439790577
17.91304347826087
17.52173913043478
4.488888888888889
10.933333333333334
4.590909090909091
11.181818181818182
9.170212765957446
8.170212765957446
10.261904761904763
9.142857142857142
21.733333333333334
24.533333333333335
3.5053763440860215
3.956989247311828
6.444444444444445
6.703703703703703
6.444444444444445
6.703703703703703
3.690058479532164
0.3684210526315789
11.070175438596491
1.105263157894737
2.2916666666666665
7.569444444444445
1.0576923076923077
3.4935897435897436
5.627450980392157
7.666666666666667
11.958333333333334
16.291666666666668
7.979166666666667
9.333333333333334
14.185185185185185
16.59259259259259
13.863636363636363
16.954545454545453
1.2761506276150627
1.5606694560669456
20.125
31.8125
1.3142857142857143
2.0775510204081633
