4.875
2.5568181818181817
6.128571428571429
3.2142857142857144
3.4311926605504586
2.0642201834862384
7.63265306122449
4.591836734693878
5.859375
4.359375
7.5
5.58
6.972222222222222
9.666666666666666
3.217948717948718
4.461538461538462
4.504761904761905
3.4095238095238094
6.757142857142857
5.114285714285714
4.761904761904762
3.4166666666666665
4.395604395604396
3.1538461538461537
8.1
5.75
13.135135135135135
9.324324324324325
6.295081967213115
4.967213114754099
10.666666666666666
8.416666666666666
3.3846153846153846
3.4615384615384617
2.966292134831461
3.033707865168539
4.5
5.771428571428571
3.247422680412371
4.164948453608248
2.016326530612245
0.16326530612244897
7.373134328358209
0.5970149253731343
1.1507936507936507
4.555555555555555
0.7795698924731183
3.086021505376344
18.923076923076923
17.46153846153846
18.923076923076923
17.46153846153846
29.545454545454547
65.45454545454545
21.666666666666668
48.0
12.25
11.4
0.5658198614318707
0.5265588914549654
23.5
107.125
0.42247191011235957
1.9258426966292135
