2.5985915492957745
1.6619718309859155
4.670886075949367
2.9873417721518987
2.1901840490797544
1.9877300613496933
6.155172413793103
5.586206896551724
4.180555555555555
4.222222222222222
4.0675675675675675
4.108108108108108
4.981481481481482
7.62962962962963
2.9239130434782608
4.478260869565218
4.307017543859649
2.8421052631578947
4.504587155963303
2.9724770642201834
2.128834355828221
2.1226993865030677
5.783333333333333
5.766666666666667
4.518072289156627
5.301204819277109
6.147540983606557
7.213114754098361
5.704918032786885
5.655737704918033
4.192771084337349
4.156626506024097
4.084745762711864
4.0
2.1327433628318584
2.088495575221239
4.384615384615385
8.061538461538461
2.663551401869159
4.897196261682243
1.69921875
0.1640625
7.016129032258065
0.6774193548387096
0.971830985915493
4.725352112676056
0.7840909090909091
3.8125
10.085714285714285
9.542857142857143
15.347826086956522
14.521739130434783
10.911764705882353
13.235294117647058
15.458333333333334
18.75
10.642857142857142
13.892857142857142
0.7376237623762376
0.9628712871287128
20.9375
30.375
0.8052884615384616
1.1682692307692308
