4.086021505376344
2.989247311827957
5.277777777777778
3.861111111111111
4.632075471698113
1.669811320754717
8.322033898305085
3.0
4.828571428571428
4.571428571428571
5.121212121212121
4.848484848484849
4.925925925925926
7.444444444444445
3.2439024390243905
4.902439024390244
3.4019607843137254
3.6666666666666665
4.034883720930233
4.348837209302325
2.635658914728682
3.689922480620155
5.762711864406779
8.067796610169491
3.121212121212121
7.803030303030303
4.382978723404255
10.957446808510639
5.931034482758621
8.137931034482758
6.254545454545455
8.581818181818182
4.898305084745763
4.6440677966101696
3.042105263157895
2.8842105263157896
6.169491525423729
6.762711864406779
3.831578947368421
4.2
2.360169491525424
0.025423728813559324
11.851063829787234
0.1276595744680851
1.0335570469798658
4.087248322147651
1.1492537313432836
4.544776119402985
23.38888888888889
20.055555555555557
23.38888888888889
20.055555555555557
11.608695652173912
21.217391304347824
20.53846153846154
37.53846153846154
23.46153846153846
36.69230769230769
0.7860824742268041
1.2293814432989691
19.227272727272727
15.090909090909092
1.116094986807388
0.8759894459102903
