4.194805194805195
4.363636363636363
5.666666666666667
5.894736842105263
4.65
4.1125
6.888888888888889
6.092592592592593
6.716981132075472
5.716981132075472
6.846153846153846
5.826923076923077
9.425
8.1
5.8
4.984615384615385
4.968085106382978
3.734042553191489
7.296875
5.484375
5.373493975903615
2.4939759036144578
5.946666666666666
2.76
8.816326530612244
7.877551020408164
13.5
12.0625
7.538461538461538
5.019230769230769
13.517241379310345
9.0
5.366666666666666
5.066666666666666
5.278688524590164
4.983606557377049
8.02
6.66
5.647887323943662
4.690140845070423
2.630252100840336
2.630252100840336
2.6083333333333334
2.6083333333333334
1.8934426229508197
4.122950819672131
1.9743589743589745
4.299145299145299
25.153846153846153
23.46153846153846
27.25
25.416666666666668
31.818181818181817
44.45454545454545
25.0
34.92857142857143
14.526315789473685
18.736842105263158
0.8734177215189873
1.1265822784810127
35.0
48.9
1.0769230769230769
1.5046153846153847
