5.066666666666666
3.1866666666666665
4.75
2.9875
3.8363636363636364
2.9363636363636365
9.377777777777778
7.177777777777778
3.6769230769230767
5.846153846153846
5.085106382978723
8.085106382978724
6.355555555555555
10.2
4.268656716417911
6.850746268656716
3.0654205607476634
3.4299065420560746
4.96969696969697
5.5606060606060606
2.734375
3.703125
7.777777777777778
10.533333333333333
3.38
10.52
3.840909090909091
11.954545454545455
6.916666666666667
10.25
7.217391304347826
10.695652173913043
17.38095238095238
15.333333333333334
3.924731182795699
3.4623655913978495
6.403225806451613
4.516129032258065
7.634615384615385
5.384615384615385
3.63953488372093
0.3546511627906977
9.343283582089553
0.9104477611940298
1.2207792207792207
7.571428571428571
0.5802469135802469
3.5987654320987654
8.564102564102564
9.384615384615385
15.181818181818182
16.636363636363637
8.176470588235293
15.911764705882353
10.296296296296296
20.037037037037038
15.142857142857142
18.19047619047619
1.1734317343173433
1.4095940959409594
17.636363636363637
19.59090909090909
1.4370370370370371
1.5962962962962963
