3.3457943925233646
2.3457943925233646
5.507692307692308
3.8615384615384616
3.5391304347826087
2.4
7.140350877192983
4.842105263157895
4.402985074626866
4.686567164179104
5.363636363636363
5.709090909090909
6.404761904761905
9.857142857142858
3.3625
5.175
4.0673076923076925
2.769230769230769
4.976470588235294
3.388235294117647
2.1578947368421053
3.1052631578947367
8.864864864864865
12.756756756756756
4.754716981132075
8.660377358490566
4.846153846153846
8.826923076923077
7.294117647058823
8.392156862745098
6.888888888888889
7.925925925925926
12.04
10.64
2.572649572649573
2.2735042735042734
5.75
5.578125
4.717948717948718
4.576923076923077
2.5487179487179485
0.358974358974359
7.3088235294117645
1.0294117647058822
1.1666666666666667
6.888888888888889
0.6069364161849711
3.5838150289017343
11.344827586206897
12.344827586206897
16.45
17.9
13.666666666666666
13.8
21.57894736842105
21.789473684210527
16.6
17.75
0.9880952380952381
1.056547619047619
27.833333333333332
40.833333333333336
0.9709302325581395
1.4244186046511629
