4.602739726027397
3.506849315068493
4.732394366197183
3.6056338028169015
4.223529411764706
4.211764705882353
6.084745762711864
6.067796610169491
3.527027027027027
4.472972972972973
5.673913043478261
7.195652173913044
4.434782608695652
11.152173913043478
2.7567567567567566
6.9324324324324325
2.932584269662921
4.415730337078652
3.3461538461538463
5.038461538461538
2.418032786885246
3.918032786885246
6.555555555555555
10.622222222222222
3.0
9.11111111111111
3.7674418604651163
11.44186046511628
8.638297872340425
7.808510638297872
8.12
7.34
13.782608695652174
13.608695652173912
3.202020202020202
3.1616161616161618
9.042553191489361
5.404255319148936
5.666666666666667
3.3866666666666667
3.161676646706587
0.6107784431137725
5.5
1.0625
1.152542372881356
10.35593220338983
0.3333333333333333
2.9950980392156863
11.147058823529411
9.382352941176471
18.047619047619047
15.19047619047619
10.485714285714286
10.342857142857143
18.35
18.1
17.736842105263158
19.0
1.0836012861736335
1.1607717041800643
16.3
20.15
1.0516129032258064
1.3
