2.87603305785124
2.256198347107438
5.898305084745763
4.627118644067797
2.897810218978102
2.423357664233577
9.232558139534884
7.72093023255814
5.0701754385964914
5.824561403508772
6.020833333333333
6.916666666666667
7.470588235294118
13.970588235294118
3.5774647887323945
6.690140845070423
3.641509433962264
3.6320754716981134
4.765432098765432
4.753086419753086
2.446280991735537
3.8016528925619837
4.484848484848484
6.96969696969697
8.62
6.8
8.979166666666666
7.083333333333333
7.7846153846153845
3.8461538461538463
15.333333333333334
7.575757575757576
5.75
5.321428571428571
4.8059701492537314
4.447761194029851
8.185185185185185
5.333333333333333
6.405797101449275
4.173913043478261
2.81042654028436
0.12796208530805686
11.403846153846153
0.5192307692307693
1.2
5.4363636363636365
0.8627450980392157
3.9084967320261437
17.63157894736842
15.789473684210526
22.333333333333332
20.0
23.764705882352942
28.705882352941178
23.764705882352942
28.705882352941178
12.227272727272727
16.636363636363637
0.8151515151515152
1.1090909090909091
31.875
79.625
0.7412790697674418
1.8517441860465116
