2.7580645161290325
2.4274193548387095
6.84
6.02
3.142857142857143
2.8151260504201683
6.8
6.090909090909091
4.964285714285714
6.517857142857143
4.964285714285714
6.517857142857143
6.128205128205129
12.051282051282051
3.2739726027397262
6.438356164383562
3.7547169811320753
4.056603773584905
4.975
5.375
2.9421487603305785
2.727272727272727
5.476923076923077
5.076923076923077
7.654545454545454
7.4
9.355555555555556
9.044444444444444
6.0
4.553846153846154
11.142857142857142
8.457142857142857
5.578947368421052
4.894736842105263
3.8313253012048194
3.36144578313253
6.661290322580645
5.516129032258065
5.294871794871795
4.384615384615385
2.671361502347418
0.13145539906103287
9.64406779661017
0.4745762711864407
1.0350877192982457
5.587719298245614
0.7468354430379747
4.031645569620253
12.473684210526315
17.105263157894736
19.75
27.083333333333332
28.857142857142858
39.142857142857146
23.764705882352942
32.23529411764706
11.08
11.4
0.7780898876404494
0.800561797752809
49.25
188.75
0.5225464190981433
2.0026525198938994
