3.014388489208633
1.7410071942446044
6.253731343283582
3.611940298507463
2.3503184713375798
1.9044585987261147
7.530612244897959
6.1020408163265305
6.571428571428571
5.232142857142857
8.363636363636363
6.659090909090909
6.59375
14.28125
3.1029411764705883
6.720588235294118
3.536842105263158
3.536842105263158
3.536842105263158
3.536842105263158
2.7346938775510203
3.292517006802721
9.348837209302326
11.255813953488373
1.8153846153846154
8.523076923076923
2.3137254901960786
10.862745098039216
6.5
8.775862068965518
6.5
8.775862068965518
6.019230769230769
5.788461538461538
5.796296296296297
5.574074074074074
8.596153846153847
5.153846153846154
8.277777777777779
4.962962962962963
3.108695652173913
0.22826086956521738
11.215686274509803
0.8235294117647058
1.2967032967032968
6.56043956043956
0.8194444444444444
4.145833333333333
15.428571428571429
10.857142857142858
21.6
15.2
14.464285714285714
14.892857142857142
20.25
20.85
15.0
20.047619047619047
1.1580882352941178
1.5477941176470589
15.4375
35.9375
0.8916967509025271
2.0758122743682312
