1.7918552036199096
1.3438914027149322
8.608695652173912
6.456521739130435
1.5176991150442478
1.491150442477876
8.365853658536585
8.21951219512195
9.340909090909092
6.409090909090909
9.55813953488372
6.558139534883721
9.090909090909092
11.515151515151516
5.555555555555555
7.037037037037037
2.513157894736842
2.6907894736842106
3.6037735849056602
3.858490566037736
2.1055555555555556
1.8888888888888888
4.858974358974359
4.358974358974359
6.887096774193548
5.870967741935484
12.558823529411764
10.705882352941176
5.620689655172414
6.775862068965517
8.578947368421053
10.342105263157896
3.6875
3.7
3.831168831168831
3.844155844155844
7.677966101694915
5.576271186440678
4.622448979591836
3.357142857142857
2.1887550200803214
0.18473895582329317
9.909090909090908
0.8363636363636363
1.0495867768595042
5.413223140495868
0.6939890710382514
3.579234972677596
21.7
16.2
16.692307692307693
12.461538461538462
34.25
107.125
18.266666666666666
57.13333333333333
8.0
10.95
0.3827751196172249
0.5239234449760766
8.4
104.7
0.19626168224299065
2.446261682242991
