3.925925925925926
3.9012345679012346
5.129032258064516
5.096774193548387
4.395604395604396
4.417582417582418
7.6923076923076925
7.730769230769231
4.181818181818182
5.424242424242424
4.451612903225806
5.774193548387097
6.186046511627907
12.465116279069768
3.1294117647058823
6.305882352941176
3.9207920792079207
3.633663366336634
5.91044776119403
5.477611940298507
3.6699029126213594
2.8737864077669903
5.815384615384615
4.553846153846154
6.7272727272727275
7.1454545454545455
7.708333333333333
8.1875
7.5
3.7333333333333334
10.465116279069768
5.209302325581396
7.5777777777777775
6.977777777777778
3.376237623762376
3.108910891089109
7.114754098360656
5.688524590163935
5.105882352941176
4.08235294117647
2.52
0.1
15.0
0.5952380952380952
0.9481481481481482
4.837037037037037
0.8152866242038217
4.159235668789809
16.894736842105264
16.526315789473685
16.894736842105264
16.526315789473685
19.095238095238095
19.095238095238095
23.58823529411765
23.58823529411765
13.565217391304348
14.043478260869565
0.8275862068965517
0.8567639257294429
16.6
36.86666666666667
0.6467532467532467
1.4363636363636363
