4.311688311688312
3.4805194805194803
4.742857142857143
3.8285714285714287
3.576923076923077
3.375
8.651162790697674
8.162790697674419
4.770491803278689
5.065573770491803
5.938775510204081
6.3061224489795915
5.75
10.681818181818182
3.8333333333333335
7.121212121212121
3.484848484848485
3.707070707070707
5.073529411764706
5.397058823529412
2.638655462184874
3.4705882352941178
6.541666666666667
8.604166666666666
6.196078431372549
7.764705882352941
8.102564102564102
10.153846153846153
8.511627906976743
8.395348837209303
7.787234042553192
7.680851063829787
10.724137931034482
10.03448275862069
3.173469387755102
2.9693877551020407
7.814814814814815
5.537037037037037
5.780821917808219
4.095890410958904
2.473684210526316
0.16666666666666666
14.461538461538462
0.9743589743589743
1.1886792452830188
5.613207547169812
0.782608695652174
3.6956521739130435
21.5
20.0625
21.5
20.0625
21.705882352941178
23.823529411764707
24.6
27.0
16.944444444444443
20.0
0.8866279069767442
1.0465116279069768
22.533333333333335
29.066666666666666
0.9740634005763689
1.2564841498559078
