4.0
2.7362637362637363
4.6075949367088604
3.151898734177215
3.1463414634146343
2.5121951219512195
8.23404255319149
6.574468085106383
3.8181818181818183
5.46969696969697
4.131147540983607
5.918032786885246
5.48
8.44
3.5584415584415585
5.48051948051948
3.4296875
3.2890625
6.859375
6.578125
3.1683168316831685
3.4752475247524752
3.5164835164835164
3.857142857142857
8.0
6.827586206896552
9.872340425531915
8.425531914893616
6.059701492537314
3.955223880597015
10.68421052631579
6.973684210526316
6.469387755102041
5.775510204081633
3.019047619047619
2.6952380952380954
6.303030303030303
4.4393939393939394
4.7272727272727275
3.3295454545454546
2.13953488372093
0.18604651162790697
10.036363636363637
0.8727272727272727
1.064516129032258
4.653225806451613
0.6984126984126984
3.052910052910053
12.818181818181818
14.681818181818182
17.625
20.1875
20.05263157894737
28.68421052631579
20.05263157894737
28.68421052631579
11.148148148148149
11.25925925925926
0.7487562189054726
0.7562189054726368
24.363636363636363
59.81818181818182
0.6411483253588517
1.5741626794258374
