3.6296296296296298
2.212962962962963
5.0256410256410255
3.0641025641025643
2.5555555555555554
2.074074074074074
6.764705882352941
5.490196078431373
4.921875
4.9375
5.943396226415095
5.962264150943396
4.489795918367347
8.26530612244898
3.235294117647059
5.955882352941177
3.2123893805309733
3.8761061946902653
4.905405405405405
5.918918918918919
3.8415841584158414
3.702970297029703
4.511627906976744
4.348837209302325
6.059701492537314
5.895522388059701
8.285714285714286
8.061224489795919
5.012820512820513
4.756410256410256
10.289473684210526
9.763157894736842
3.278481012658228
3.4556962025316458
3.2375
3.4125
6.0
6.928571428571429
3.262135922330097
3.766990291262136
1.8964143426294822
0.22310756972111553
7.4375
0.875
0.9915254237288136
5.1440677966101696
0.5939086294416244
3.081218274111675
17.58823529411765
18.11764705882353
21.357142857142858
22.0
27.642857142857142
40.642857142857146
22.764705882352942
33.470588235294116
10.458333333333334
14.833333333333334
0.5990453460620525
0.8496420047732697
56.5
63.0
1.0390804597701149
1.1586206896551725
