2.8897637795275593
2.3307086614173227
5.397058823529412
4.352941176470588
2.7092198581560285
1.3191489361702127
7.074074074074074
3.4444444444444446
5.014925373134329
4.880597014925373
6.72
6.54
7.473684210526316
7.473684210526316
3.5949367088607596
3.5949367088607596
4.084905660377358
4.028301886792453
4.163461538461538
4.105769230769231
2.8442622950819674
2.8278688524590163
3.9431818181818183
3.9204545454545454
8.523809523809524
5.126984126984127
13.76923076923077
8.282051282051283
4.579710144927536
5.449275362318841
9.575757575757576
11.393939393939394
4.086956521739131
4.463768115942029
2.5636363636363635
2.8
4.9714285714285715
4.185714285714286
3.1926605504587156
2.688073394495413
1.7352941176470589
1.7352941176470589
1.7251461988304093
1.7251461988304093
1.0714285714285714
2.744047619047619
1.0404624277456647
2.6647398843930636
16.0
7.647058823529412
16.0
7.647058823529412
14.466666666666667
62.2
11.421052631578947
49.10526315789474
7.52
8.56
0.4078091106290672
0.4642082429501085
18.0
125.75
0.301255230125523
2.1046025104602513
