21.99659671015315
15.611095852787695
10.59751166407465
20.86836606769745
69.58368734069668
15.664144050104385
17.547507456327228
8.562836879432624
8.02524064171123
27.75
6.971014492753623
5.793056501021103
21.608643457382954
8.031145717463849
2250.0
9.22711781888997
81.38640429338103
6.472602739726027
9.460130187144019
43.53802816901408
88.87939221272555
409.30555555555554
10.59009900990099
21.471766848816028
65.57239057239057
11.445008460236886
6.396255850234009
26.08058608058608
8.537828947368421
21.22532894736842
10.919930675909878
17.373558118899734
4.640946502057613
4.66448326055313
11.651454244502247
18.92054054054054
15.841952353282975
6.587628865979381
20.220201053135472
13.813953488372093
0
0
0
0
20.868717504332757
13.39493670886076
8.82927263026854
37.440274599542334
6.148485660680783
4.782608695652174
2.7621995630007286
2.4958494742667403
47.12062256809339
7.146067415730337
3.0959869848156183
3.184825493171472
2.8260869565217392
2.8980891719745223
56.3016157989228
42.21863220247711
1.9168599464763605
2.479463537300922
30.127843986998915
20.508974015537103
