8.503984997655884
9.756651524983777
5.883586785527005
19.609910384818132
584.290909090909
17.544376802306953
27.6784140969163
7.693496227093065
4.929109437306159
11.97983651226158
7.322654462242563
2.9509053574761994
11.164274322169058
25.50653594771242
11.533117183881426
34.76956793988729
271.3211009174312
13.812012215812691
12.0285908781484
55.65217391304348
2443.235294117647
67.15384615384616
46.40522875816993
9.509803921568627
25.644371941272432
13.18918918918919
11.525530243519245
19.464387464387464
75.75838926174497
11.076436478650502
14.61124694376528
10.221915920055135
6.38258164852255
30.79245283018868
282.69158878504675
243.81981981981983
5.45351580934403
30.009287925696594
10.521140609636184
14.383012820512821
320.01162790697674
8.963636363636363
44.507949125596184
2.9156976744186047
10.213457076566126
13.353817504655494
4.923529411764706
276.1518987341772
5.813631221719457
64.8125
5.4574898785425106
5.625
9.589483394833948
5.344202898550725
6.482645977950184
3.1510681586978637
3.6783555018137846
2.2348816827344433
78.07650809220206
17.617161716171616
3.052290231049858
3.703920421299005
22.957762889600932
51.023488640739316
