16.355555555555554
7.488
7.691223574631646
16.741776315789473
58.194945848375454
14.028075970272502
10.442092154420921
5.5645465994962215
4.336991312299954
232.89719626168224
6.872248803827751
6.690780141843971
7.448829431438127
18.222501571338782
11.451199107640825
8.974815312290128
168.14678899082568
21.59521776259607
3.7083493651404384
174.97368421052633
11.492630803242447
97.36842105263158
6.151243781094528
47.76839565741858
3.319060773480663
20.442278860569715
3.855359765051395
23.46062992125984
10.272169811320754
17.767648693718733
6.599360113757554
16.955818294959553
2.7193065780099737
2.6760687527545173
5.335770103352659
4.107593778591034
5.366749688667497
6.409338993329291
17.565028901734102
4.872507355344884
847.3684210526316
15.333333333333334
139.1812865497076
1.9318181818181819
9.952380952380953
13.567415730337078
5.446135012242043
7509.6
4.0121614151464895
3.2056239015817223
2.1850868232890703
2.581512605042017
11.182364729458918
5.44524236983842
2.07269832846909
2.134197828709288
2.1572438162544167
2.547102877414269
56.46481012658228
27.468863445964814
1.8134091289082093
2.914791479147915
29.511551155115512
18.642615319509098
