15.871931696905015
6.284326949015377
8.109953703703704
8.941751527494908
219.72222222222223
56.83118741058655
16.74074074074074
18.460843373493976
6.399601063829787
9.054054054054054
5.925846549507073
32.07878787878788
14.313
9.38526802930968
5.981373690337602
6.9888
14.237638376383764
60.84109589041096
9.001902346227013
10.08392471459426
80.97972972972973
9.05
10.843174951936282
13.186470078057242
5.061694543460378
8.242962962962963
5.201059850374065
5.788776978417266
7.523689197725837
3.7161667885881493
3.518064076346285
2.3357698655977366
3.69492119089317
3.838626292466765
3.304008152173913
2.6485216910748828
5.157584269662921
6.3071836489329725
5.735216819973719
10.784864864864865
0
0
925.6
23629.5
20.99759807846277
14.175714501739
3.635122838944495
58.24609109449354
2.5047923322683707
3.2590216519647153
2.0156709108716946
1.6259716506630086
1.9955106621773289
3.921985815602837
1.6587755102040815
4.015885623510723
2.6599254922831292
1.507155322862129
74.27197346600332
42.37970062066448
2.5079617834394905
5.8028455284552845
155.46774193548387
140.83234819989252
