10.276679841897232
11.33892513202858
7.2195834855681404
15.626408292023434
46.10260869565217
14.363706863125243
21.117505030181086
27.840546697038725
4.6720559318330785
19.62162162162162
4.5
8.195763330898465
13.373055279708705
39.475566150178786
27.73121387283237
14.426409903713893
81.85011709601874
19.056099732858414
6.780037546933667
78.20039292730844
22.722337125129265
164.1951219512195
9.094678645473394
19.43801652892562
9.323328785811732
72.29483282674772
7.202066590126291
9.165617128463476
21.41653666146646
7.498110355253212
10.208761492698756
3.7555066079295156
3.9054726368159205
4.534395045343951
2.8767177853017327
3.261847111726046
7.219794344473008
8.218416619876473
25.00553097345133
7.514351320321469
0
0
1279.4444444444443
7717.5
11.69479679005954
15.622222222222222
10.175
0
2.774294670846395
2.52233956133225
2.190008025682183
3.464983713355049
3.3973570289359762
2.8068423289417765
3.319908466819222
2.2614816118247405
2.3594624860022395
3.3841402669854554
11.394171145101282
23.400473933649288
2.8340124966041835
2.8807301389753164
13.917510853835022
38.047548291233284
