29.4
3.9325577474287643
4.3541147132169575
13.932407966203984
295.2509225092251
17.81035058430718
13.971719457013574
6.365674526478546
3.3946049176414417
93.75
4.412132883967261
4.786606932327281
9.061192262139755
17.86286167261197
7.252835223482322
17.931961360772785
242.8783068783069
18.619153674832962
7.9823788546255505
84.43864229765013
101.11668611435239
43.19228295819936
13.731863442389757
12.778821520068318
15.331034482758621
14.508018623900673
5.909090909090909
16.487935656836463
12.10400866738895
10.361310592459605
10.931399888455104
8.19506272764063
2.4545454545454546
3.0148298924105843
12.084295612009237
7.529411764705882
10.10580793559517
6.852866242038217
5.860735009671179
9.134181370537545
0
0
0
0
16.350824587706146
11.176470588235293
3.987405982158475
48.68818681318681
4.814496644295302
8.740419708029197
2.2431052093973443
2.0788657509968984
7.427368421052631
2.2626641651031894
4.34251497005988
3.07644576818069
2.6287222808870117
1.6263736263736264
112.06202849958089
12.76051731826966
1.6966608846487423
3.107175022515761
19.964176496286587
32.37493304767006
