72.47058823529412
36.41587901701323
9.158590308370044
26.689655172413794
122.0107238605898
50.85221674876847
40.541044776119406
26.763800904977376
9.72972972972973
15.494736842105263
6.366559485530547
22.125714285714285
31.9155672823219
21.343339587242028
28.9377990430622
67.44664031620553
18.949720670391063
84.38319327731092
18.367432150313153
51.310874704491724
31.863963374754743
104.82213438735178
19.380258899676374
16.40125786163522
22.65
16.53217391304348
10.08390410958904
6.011918951132301
11.109452736318408
5.36986301369863
4.116933906922174
4.193069306930693
10.147368421052631
7.34976402726796
15.359964093357272
6.623642172523962
18.703731343283582
357.8783783783784
14.721112076455256
24.194594594594594
0
0
0
0
370.9805825242718
27.265193370165747
8.712351945854484
30.985663082437277
6.933453237410072
3.2628398791540785
5.331950207468879
6.77115987460815
5.18955349620893
6.707903780068729
3.6356858846918487
16.20979020979021
2.9825581395348837
6.2819722650231125
26.471186440677965
165.82765531062125
2.8872901678657072
44.96819787985866
36.13762811127379
667.2199488491049
