29.527815468113975
11.214592274678111
7.564270152505447
31.529411764705884
34.180940892641736
465.2357723577236
12.857142857142858
16.58175355450237
5.230701367445964
3.80791788856305
5.788754271512892
5.414262023217247
9.639705882352942
15.040595399188092
13.403716216216216
17.466464733881438
444.5111111111111
45.22469135802469
13.28
16.070484581497798
0
98.83712121212122
173.3913043478261
32.88135593220339
9.263157894736842
15.312883435582823
6.7105263157894735
21.782340862423
0
27.655571635311144
35.92070484581498
23.83783783783784
0
10.914473684210526
128.2943722943723
3.271356783919598
2.9193857965451055
12.139072847682119
6.879503105590062
38.23076923076923
87.55700325732899
4.695652173913044
31.071479122434535
4.001008064516129
1.8033395176252318
90.77142857142857
9.413793103448276
1070.7666666666667
8.505747126436782
14.105504587155963
7.813926940639269
5.324882995319813
16.72843822843823
11.203721841332028
3.8738286479250337
2.7937613567534827
3.6985044187627465
2.9930715935334873
16.574618096357227
9.173166926677068
2.3249663827879874
4.47215143793229
9.509885535900104
36.378151260504204
