76.8491847826087
33.74203821656051
13.417109714838086
28.91566265060241
579.8135593220339
13.8283621140764
24.94960965223563
10.159371492704826
19.865748709122204
21.069547602970964
8.968647942521228
65.12631578947368
6.912798264642082
19.89584799437016
5.762331838565022
26.582959641255606
159.1764705882353
10.129580456718003
12.304394426580922
70.06060606060606
237.56435643564356
16.566137566137566
16.965986394557824
6.33982683982684
9.93498904309715
12.185599006828058
8.449382716049383
8.73963599595551
25.152439024390244
6.650119821978774
10.992815153494448
4.083153013910356
14.232839838492598
8.266928912615903
10.00780335544284
2.59845616079231
9.08936170212766
10.670901151250495
10.38399642378185
13.143884892086332
10.161290322580646
42.0
21.83695652173913
2957.6944444444443
31.229903536977492
14.33355659745479
9.393462180863756
43.986477349560516
7.241379310344827
4.568275862068965
3.941271551724138
3.7591397849462367
4.821705426356589
3.2493573264781492
2.454923140839219
2.330745341614907
5.6105610561056105
2.899205202312139
57.58908930928288
84.70527758738862
2.174279690794097
3.6539017341040463
48.4792201128784
111.66522053506868
