28.170542635658915
32.857142857142854
9.762013729977117
29.183823529411764
431.109375
141.5607476635514
47.47551020408163
59.45530726256983
18.323886639676115
13.388322520852642
10.031979256698358
12.10686274509804
36.37908496732026
52.333931777378815
49.44625407166124
74.82352941176471
24.700819672131146
69.1025641025641
21.40507726269316
13.078341013824884
764.931506849315
12.767052767052768
17.853538892782062
35.08527131782946
19.917922948073702
9.965304548959136
22.31294452347084
2.8868946833728413
3.9027149321266967
3.0863674851820493
2.5895598771750254
2.0823162814853284
8.858536585365854
11.665133394664213
3.76331569664903
4.129434589800444
45.11764705882353
24.885339885339885
34.23943661971831
34.43461160275319
3.5714285714285716
24.761029411764707
38.51788756388416
0
58.4647577092511
30.798524665744583
51.13398058252427
41.84090909090909
9.550829875518673
14.307692307692308
9.365724381625443
2.559015206372194
2.7393364928909953
2.985074626865672
3.805413313825896
61.016949152542374
6.987886944818304
3.3210283454185894
28.316011829319812
216.78666666666666
3.111111111111111
20.133828996282528
155.82608695652175
519.5203836930456
