85.13229571984436
76.99669239250275
10.65036674816626
11.612472160356347
82.60699300699301
77.5916149068323
18.46153846153846
12.145643693107932
8.506849315068493
12.754863813229573
9.005438066465256
13.05109489051095
9.436705027256208
115.03636363636363
8.705479452054794
15.808575803981624
7.801123595505618
0
7.799159120310478
20.90967741935484
17.224765018389864
11.92041949413942
36.10746003552398
8.472272727272728
8.848030018761726
4.484605087014725
2.910585260115607
2.990420204659264
5.814175654853621
4.542021166217057
2.3317323086775534
4.265589497601615
8.861866501854141
8.989867498051442
7.155506883604506
6.063282794990112
11.450439146800502
8.544349939246658
8.24007429765498
12.521367521367521
3.3342017119464087
3.137721238938053
15.83362653933149
27.858938547486034
95.29475982532752
21.483076009501186
8.712496521013081
69.84656796769852
3.6750503018108653
2.6692563817980024
3.1410146173688736
1.7440174039158811
2.6712410501193316
6.517671517671518
2.813364055299539
10.08254716981132
2.938775510204082
3.9686028257456827
22.2972972972973
9796.0
5.727626459143969
28.658823529411766
419.0788643533123
27481.125
