68.95604395604396
4.084213658681744
11.079033701163137
17.152628245725143
162.14583333333334
6.825171400587659
15.620181112548511
11.49840459476707
11.713723561239547
22.33459595959596
8.10913190529876
9.693033381712628
9.326829268292682
10.61676930364756
14.156153846153845
17.330026109660576
98.02816901408451
19.042982910409116
11.576086956521738
72.60322580645162
43.71347678369196
403.54371584699453
9.682347235693502
11.827682303762192
9.579720793534166
70.49087893864014
6.627437079049982
32.69957081545064
7.334894613583138
21.093285263632268
9.470404984423675
20.201581027667984
7.877462266564339
4.099862364275883
10.058318704895651
6.120092693565976
12.535024154589372
11.392055267702936
16.39762975071516
14.42634080108622
0
0
0
0
24.11371571072319
13.880430603613995
6.090764331210191
55.43126684636118
5.044975866608161
3.5382383065892795
3.874450951683748
3.7704011065006915
20.38095238095238
7.825763831544179
4.667393675027263
3.9920386693204435
3.4124087591240877
3.4188219952184307
178.368330464716
22.98860759493671
3.2145274080757953
3.1830810698735226
38.295078778447774
53.64188163884674
