12.754880694143168
66.3849765258216
119.77777777777777
27.168558951965064
44.143808255659124
18.03491620111732
23.310049893086244
27.75272331154684
13.575
13.182918149466191
16.083215796897036
14.02119606358819
32.672413793103445
0
32.03917525773196
16.27540360873694
21.77777777777778
24.93953488372093
14.429175475687103
29.643962848297214
0
94.37898686679175
33.86987951807229
35.602649006622514
6.56794425087108
0
31.116788321167885
25.239224137931036
39.334273624823695
17.737142857142857
45.77496038034865
22.062745098039215
8.940217391304348
6.761565836298932
7.182199832073888
5.391541609822647
115.57377049180327
28.508196721311474
0
27.838577291381668
3.9375
83.17647058823529
113.4
1316.4827586206898
0
23.592527729130182
20.76923076923077
19.47900466562986
26.699029126213592
12.438461538461539
7.496251874062969
2.942942942942943
11.929334428923582
6.627118644067797
12.497560975609757
3.7418655097613884
2.7469642271086316
4.21194879089616
149.24219910846955
24.804188481675393
4.373610081541883
3.888292158968851
34.403269754768395
55.01988636363637
