25.15602094240838
12.288986784140969
6.348269385564797
28.09134287661895
0
63.49514563106796
20.38388625592417
17.54152823920266
10.096304591265397
35.07954545454545
6.497001998667555
6.9044665012406945
11.820766910814305
13.38860103626943
10.518648018648019
16.339171294318668
33.225594749794915
91.84126984126983
10.606440071556351
11.846153846153847
718.1737089201878
41.80648591174907
11.567977067977068
264.03636363636366
6.452330055579307
5.714942528735632
2.759988901220866
4.683658885183421
22.29820359281437
4.868907054193158
4.0990848848217105
4.527845036319612
4.9440075495438816
5.715237302248126
24.506756756756758
13.575757575757576
8.042405551272166
5.63934981374873
13.346341463414634
15.506280720917532
166.9437788018433
14.755329008341057
58.940882597835135
6.822368421052632
11.622641509433961
29.502165944685103
6.9558167815160115
105.4
3.8958097395243487
4.866275277234181
4.2622612287041814
5.162629757785467
3.5669398907103824
3.769230769230769
3.894235133908307
3.535053929121726
4.317980513728964
3.044162957891133
59.92672714584787
66.14695945945945
4.726752503576538
3.0375462718138553
110.63766456783057
109.59686888454011
