20.924137931034483
34.60775862068966
10.319727891156463
25.590438247011953
17.529829545454547
64.61751152073732
10.894337419731466
18.299029126213593
5.2365236523652365
25.37809187279152
4.855618330194601
0
8.841040462427745
17.391683778234086
9.20496894409938
28.79548872180451
5885.0
18.614277144571087
38.55712166172107
372.85714285714283
30.046153846153846
87.42484795829714
7.70176322418136
27.591985428051
9.084621643612694
12.955341506129598
6.868052199130014
3.4038322487346346
13.557058326289095
31.40382452193476
6.030456852791878
13.380301941049604
6.0299625468164795
8.2858837485172
8.27550758159856
9.304029304029305
17.63980263157895
8.9812734082397
126.8640350877193
16.043550165380374
0
0
0
0
42.16522423288749
13.091863517060368
16.83419847328244
41.437415881561236
4.235907153008053
6.674846625766871
4.85239852398524
2.696629213483146
2.6201163757273482
6.275154004106776
2.5358004827031375
5.005733005733005
6.928057553956834
1.4154929577464788
840.5013927576601
92.27838827838828
2.1100323624595467
3.272962483829237
225.23636363636365
42.105109489051095
