28.386007237635706
11.191972076788831
7.195193008011653
18.450599657338664
2985.5238095238096
14.218373028147232
14.599570585077831
7.12723373838456
4.3413998510796725
21.199409158050223
3.408295281582953
9.552859618717504
10.615748031496063
9.922240527182867
7.793827160493827
10.270211216314639
22.878625134264233
20.658036677454152
10.168341708542714
9.008975549365521
66.31016042780749
22.705685618729095
13.572281959378733
0
10.154422087037904
9.827044025157234
13.624808575803982
4.053519641444766
12.432232346241458
4.1095140314852845
3.260390585878818
2.4346249716745976
4.669061056952283
3.5806096217407273
5.700510293858877
7.462911201892066
7.424992543990457
5.889270714012982
5.929878048780488
10.632352941176471
0
0
0
0
36.94547134935305
14.198218262806236
6.782809611829944
55.9375
4.438338658146965
3.4731923266109197
1.8371071307874283
3.011444141689373
2.450617283950617
2.2171992725383216
2.1234677958546913
5.439277652370203
2.12460452664882
3.4766763848396502
47.79710144927536
37.95733189305968
3.063973063973064
4.536076662908681
138.79049676025917
189.414
