64.0417661097852
36.256937799043065
11.300694883133291
18.627581120943955
1210.1176470588234
40.87619047619047
9.579026217228465
10.36116504854369
7.757428744693754
18.429207479964383
6.300817438692098
15.679798826487845
5.073162620552045
14.473264166001597
6.503019538188277
16.001470588235293
22.08052230685528
30.199432892249526
9.903958944281525
11.64722792607803
10.397394136807817
10.355151159377751
77.97169811320755
9.607698779974758
7.35264
4.883076923076923
2.0844274809160304
3.390561797752809
4.756743501716528
4.136627325465093
2.5369586453923803
3.2886557117402493
5.938844847112118
8.396190476190476
4.635785007072136
3.0822300950960284
14.017059301380991
3.5734072022160666
6.625213310580205
3.6915739268680445
3.8780053428317007
2.177959791511541
15.66591844369622
22.189349112426036
25.697841726618705
17.790211451651224
8.560420315236428
64.15485756026297
2.3197245450073782
4.3629293583927415
2.5578800557880057
4.082120582120582
2.4156133828996285
3.3912635039924846
2.94067067927773
2.7113806635747415
2.839899413243923
3.44603629417383
48.13333333333333
55.2018648018648
5.744787322768974
2.887958115183246
43.239621267297885
308.05183585313176
