19.912429378531073
9.214689265536723
8.174414414414414
11.144836835046938
0
8.755516014234875
19.839195979899497
5.073580533024334
4.015748031496063
25.496688741721854
3.8330696202531644
3.6986786219915055
12.325259515570934
24.640648011782034
7.796747967479675
20.49052312357847
27.72897196261682
10.652257815515245
31.89086859688196
8.969696969696969
3540.0
1907.2340425531916
41.3
98.86764705882354
10.666034155597723
18.36626746506986
9.514218009478673
7.167393675027263
34.36363636363637
59.52895752895753
20.82857142857143
26.707256046705588
2.715343203230148
2.8951747088186357
9.674411203055378
10.049064704078503
52.115606936416185
6.481144343302991
23.88235294117647
10.025463962019852
0
0
0
0
22.039169139465876
28.712685337726523
9.280196198651135
59.99662162162162
5.4955430835259165
4.588924699677703
3.5929203539823007
5.376398412125586
13.896457765667575
14.971428571428572
4.058355437665782
9.182242990654206
5.09782001117943
4.126786824114356
242.214463840399
58.39471511147812
4.031627906976744
8.26896551724138
68.27068965517242
38.23560209424084
