10.455871066768994
204.74814814814815
6.100311703032021
19.50301406563965
59.9625
14.067241379310344
9.76188541243397
16.903474903474905
7.2497570456754135
12.426850258175559
7.316594743036485
6.095913542722053
11.789725729212016
5.08725523874957
7.592928965293545
4.91967717140661
67.64397905759162
24.4779299847793
2.0785070785070787
71.3170731707317
10.973744583227122
56.681550126369
8.170028818443804
17.610095389507155
3.9475706835026076
22.345709570957094
2.366581725518748
2.8793508936970835
12.104556074766355
10.010451661067563
8.27926488214143
12.70995260663507
3.2424163857920663
2.1064807219031993
6.642335766423358
14.667874396135266
12.4739742804654
3.1711215210801873
19.691433211530654
31.38602520045819
0
157.0
0
12.333333333333334
16.14693593314763
17.28709175738725
3.682985942801745
79.93562545720556
2.9927884615384617
2.7897350993377485
4.164874551971326
2.3991863717264175
2.570798087532181
8.699780861943024
2.4325919201089423
3.908818493150685
6.800868935553947
1.465288035450517
137.58319513543395
60.08685714285714
2.287671232876712
3.3022312373225153
107.71632329635499
23.207859757272203
