43.89105058365759
14.255391989044847
7.748542880932556
13.88
100.3982869379015
11.02536231884058
10.102564102564102
7.94501490559788
5.645959318306762
17.314893617021276
3.0376502002670227
3.0778475826276974
7.5470921255790016
8.818763326226012
14.625
8.244274809160306
145.69811320754718
10.974853599724423
6.3002447647538755
114.33014354066985
44.00865800865801
392.54347826086956
14.273230088495575
15.008840864440078
8.130579613590939
16.81578947368421
8.470187393526405
9.14519906323185
11.385272145144077
20.312883435582823
9.26577880718008
9.657754010695188
2.9484176426613504
2.055682526490754
4.065772392903505
3.5209500336096795
25.705645161290324
4.185739436619718
42.869565217391305
13.246397694524497
1.6551724137931034
24.906801007556677
9.554272517321015
672.6298342541437
39.59880239520958
10.533350050150451
9.615040757296871
28.336464560204952
2.82618201694452
2.449411764705882
3.492401215805471
2.079504594486616
5.007363770250368
3.203627852545348
2.576480493965759
3.5146219686162623
3.82345601996257
2.3456090651558075
74.74810318664643
14.249821556031407
2.1227436823104693
2.5364778487987656
16.742420247824942
22.216216216216218
