7.085490962383976
8.169448010269576
10.961968680089486
12.797619047619047
0
40.785630841121495
24.8671679197995
22.167868177136974
4.693333333333333
12.085933503836317
2.935887988209285
78.40105540897098
17.333793103448276
16.485288904643742
15.582392776523703
31.537037037037038
15.704573547589616
21.317752808988764
10.239252336448597
8.406445248273593
42.35817805383023
62.393984962406016
16.732659623334865
60.95379537953795
6.142288996906761
5.787781350482315
2.3476425052779732
4.139252634940913
8.652173913043478
3.536156351791531
4.957957022734351
3.6122448979591835
7.120754716981132
7.491377091377092
3.903669724770642
3.945490981963928
10.841090146750524
7.377949709864604
5.335446381405177
6.969130028063611
3.910213243546577
4.269820119920054
65.21149897330595
192.80693069306932
6.573747016706444
8.330980773910927
8.793964620187305
0
2.059219380888291
5.415082771305947
2.504547108039287
4.114285714285714
2.0005146680391146
2.3183740601503757
2.364817591204398
3.039473684210526
3.2605678233438486
3.180257510729614
23.997433429579726
23.3095870562666
2.9315263908701854
4.3547400611620795
155.78654592496767
37.94397962895599
