64.89033742331289
30.33164812942366
13.37246680642907
24.286396181384248
7447.40625
19.16374269005848
48.39005736137667
77.33333333333333
18.08205128205128
19.215376513954713
7.514563106796117
3003.75
48.965589155370175
10.410129709697344
17.511529411764705
15.177272727272728
140.45405405405404
19.05437716930197
28.321901792673422
17.505447175069673
83.73811033608116
85.7923875432526
8.135673624288424
5.709219858156028
14.811934294334563
3.7159487776484283
10.061114998833684
5.003899977058959
4.258043190832966
3.8242436715373533
7.321379037051714
6.486673968601679
7.747357293868922
7.331788277511961
8.447071915426346
22.88313151225007
24.282157676348547
3.369790127106119
37.40431795878312
5.737134909596662
0
0
0
0
87.79520295202953
9.9609375
12.364833159541188
57.68301610541727
23.513513513513512
6.6239316239316235
9.015544041450777
9.935897435897436
7.839378238341969
67.41603053435115
6.592592592592593
71.65517241379311
0
0
0
0
4.256488549618321
76.64655172413794
5664.833333333333
28904.466666666667
