7.375
15.516965001335826
3.5221007992170934
20.978993649242796
74.45945945945945
22.620302072356868
20.158536585365855
15.580645161290322
5.133437990580847
18.734375
6.041555673947789
13.104602510460252
41.43638170974155
9.75219512195122
27.128737034777302
11.484704868591125
11.816102470265324
29.93140617344439
7.570245444963108
11.701801003838204
44.99178082191781
40.46821094135042
66.13418530351437
7.349808265871325
6.419536191145467
10.796493640426263
4.358906988964792
14.360020140986908
8.624497094322754
11.278742973939703
4.852813852813853
3.1845771830597323
4.338354886015198
4.665007353773051
2.856090706463805
3.6561582142157825
12.60524182653337
5.957923712151003
5.803178305875492
9.672278338945006
3.8
84.625
915.8
17174.42105263158
41.5857063093244
12.043286867204696
9.628959276018099
24.3388450775884
3.7104994903160042
4.092815208275091
2.959349593495935
2.85809906291834
2.5822990844354017
2.595360824742268
2.045687800033107
2.269675925925926
3.2778343171178506
2.8748878118829655
48.58255159474672
47.20989917506874
1.9740667976424362
3.4891243725599552
51.268926553672316
44.76980982567353
