13.54641598119859
9.186813186813186
12.522505800464037
13.713520197856553
63.16538882803943
32.61785141635489
12.421383647798741
11.15658362989324
8.981132075471699
15.433385992627699
5.619868220983274
21.68553459119497
8.682027649769585
11.802890932982917
8.370050960407683
11.91851071303126
315.6279069767442
22.07547169811321
5.995077932731747
103.80681818181819
64.48609941027802
36.43746586564719
13.651685393258427
8.601528905876732
4.134535367545077
23375.0
5.357495881383855
6.8030235660293465
14.845467032967033
7.894219425874951
8.168591224018476
3.499334221038615
4.686166007905138
7.289285714285715
2.4651677110210097
2.346068942095432
29.21879815100154
4.979829325058184
19.714584787159804
17.230630630630632
3.9753086419753085
5.7424083769633505
36.96676737160121
20839.2
29.183850931677018
11.534872761545712
13.642857142857142
20.769848349687777
3.3482142857142856
3.3030075187969925
3.121748178980229
2.9602841459476914
2.8215994531784006
2.7249919588292055
2.4314689612784264
2.3276949541284404
3.768577494692144
2.785257489060922
47.38780207134638
25.207457983193276
1.6149746192893402
2.366704805491991
36.21219512195122
37.96656833824976
