29.309375
39.29622520793346
9.566871165644171
9.572553430821147
0
10.703488372093023
7.54269381922115
9.905194805194805
6.612181693048864
6.3165754106520655
7.0
5.333601609657948
11.546052631578947
5.864022662889519
9.773104265402843
6.728215767634855
11.987242185838827
13.804046013486712
6.748856900931414
7.03862660944206
65.72004479283315
12.432189804424494
49.53135313531353
5.941282204913121
8.031037827352085
9.24606462303231
4.251841929002009
6.617169373549884
10.09994952044422
3.8736070828881086
2.546583850931677
4.453961456102784
3.671396323766527
5.799347471451876
2.114677365429622
2.1802125017248515
8.078170028818445
9.492063492063492
10.301339285714286
6.853461454466041
1.9786096256684491
4.056338028169014
73.95334174022699
1399.1724137931035
27.403508771929825
10.388136882129277
9.820906848795294
49.550939100739896
2.495858641634456
4.308510638297872
2.6154655444502892
4.207792207792208
2.6384271099744248
6.090415019762846
2.3928674978254567
4.560488346281909
2.5873655913978495
1.9513431322858592
37.19029593943565
51.85940499040307
4.279674796747967
8.79002079002079
850.1777777777778
549.9507829977629
