168.92008196721312
37.991379310344826
27.725900116144018
54.718789407314
278.815415821501
19.44840182648402
49.572593800978794
23.898477157360407
18.993569131832796
30.715162138475023
16.347031963470318
21.97241379310345
48.02471678681771
9.304812834224599
57.00938477580814
12.843651626442812
53.1867145421903
26.509769094138544
47.49619482496195
15.964457984259964
63.54515491100857
52.385458167330675
10.49182763744428
6.788546255506608
13.957737725295214
3.205679682605972
14.020720720720721
3.3730712322976113
4.391601315456615
4.446998216762434
6.479223687484449
10.232826747720365
11.826260257913248
6.650572831423895
9.536585365853659
6.412611717974181
53.22622107969152
8.738009049773755
36.78430265386787
8.813315926892951
6.1421616358325215
49.68310598111228
19.977906976744187
0
106.95364238410596
11.883506126295947
20.42042042042042
35.84604996623903
19.616519174041297
20.0
18.575418994413408
14.444444444444445
7.205673758865248
99.3907284768212
13.084848484848484
0
70.89583333333333
21.943661971830984
1637.3636363636363
163.82781456953643
0
107.14366197183098
79.45901639344262
7240.215053763441
