18.90015682174595
13.458204334365325
9.438040345821326
12.732417138237672
2599.818181818182
18.817115689381932
16.325075528700907
8.440632054176072
4.926464014304873
26.72190692395006
8.731953558808682
3.66732830488289
11.409716599190283
11.345733041575492
22.77264325323475
14.263240692186681
82.21254355400697
13.34408335400645
5.978752570253598
18.54172494172494
69.19032258064516
344.12293144208036
12.25748502994012
63.578947368421055
5.689108212900952
8.2930200414651
3.7247944612721766
1.8443804034582132
8.486088379705402
20.520889853499728
3.0764740221833042
5.31232725262576
4.559953881629515
4.252235584335492
14.059907834101383
17.445063955395213
12.378926038500506
9.190338164251207
10.863297431648716
17.350708215297452
0
40.18181818181818
0
14.75
5.513361462728551
27.510679611650485
6.260460251046025
26.27573641056787
2.508591065292096
3.8608870967741935
2.89918533604888
2.9383298908232516
2.434643143544507
3.60864040660737
2.903102422439439
3.359621451104101
5.175097276264592
3.179196704428424
102.13075060532688
293.11976047904193
2.3486558588138724
4.017565359477124
42.40374003678725
22.18421052631579
