7.404982206405694
8.814814814814815
14.499173553719007
22.3150800336984
40.42505854800937
20.78483835005574
24.82468168462292
20.6611320754717
7.309422492401215
15.333333333333334
7.590909090909091
28.846153846153847
15.618195376584639
30.984078847611826
17.467336683417084
48.34928716904277
19.86106032906764
75.14124293785311
20.03059273422562
40.75741525423729
56.03909465020576
0
36.30949105914718
32.70880361173815
39.36726272352132
21.39875
32.31496062992126
8.343983684568322
14.934131736526947
9.191027496382056
7.476290832455216
4.283935981031417
11.27951674903899
5.806408985794516
15.673461958500182
11.60743541272842
18.150851581508515
18.956870611835505
0
26.825463743676224
0
0
0
0
0
26.628895184135978
23.09278350515464
31.728045325779036
25.0326264274062
4.156538969616909
14.078498293515358
3.5639044943820224
3.9858218874612317
4.046558031260393
2.7665245202558637
6.324324324324325
7.184070796460177
3.673179396092362
47.79679144385027
13040.363636363636
6.4604810996563575
24.357976653696497
292.5827814569536
3097.0526315789475
