25.97772828507795
60.43321299638989
8.470588235294118
23.597014925373134
213.10734463276836
13.997450063748406
12.58440761203192
24.48700410396717
5.942298955020445
19.477690288713912
10.0376055257099
12.327242524916944
18.033898305084747
14.709677419354838
23.60153256704981
15.115498519249753
16.66465484722746
26.702830188679247
7.637526652452026
5.061436672967864
832.695652173913
8.330888345558272
3.528882220555139
3.0354648038688876
3.4592363261093912
3.1219512195121952
3.9352987216279676
3.3148807892573307
2.2988505747126435
2.4823657080846444
3.0031612223393047
3.054018445322793
4.732856541859487
3.8521400778210118
4.028093369138608
2.52023498694517
24.363817097415506
8.558632626568585
10.172043010752688
19.675257731958762
7.45273631840796
4.534653465346534
98.18352059925094
590.578947368421
12.81045751633987
12.952190237797247
13.105497771173848
27.06276150627615
5.909090909090909
3.5645472061657033
5.769230769230769
3.807890222984563
2.9265010351966874
5.290348742903487
1.5567180616740088
6.954157782515991
5.939301972685888
3.9643102264927936
39.60595238095238
1636.5333333333333
1.51129363449692
7.655172413793103
78.62452591656131
1406.925
