26.334341906202724
5.429311395490554
6.9280040994107095
7.529923830250272
13.406578026592022
0
0
54.88493723849373
5.916900420757363
136.62420382165604
5.651285046728972
3.9315856777493607
18.39640795381655
8.477964561562926
16.977342314758115
9.032548823234853
77.49935815147626
40.7921760391198
80.88260869565218
7.933641975308642
19.1453428863869
0
21.95744680851064
612.9032258064516
17.183499288762448
7.216035634743875
15.73371924746744
5.882985877605918
29.31486146095718
76.34069400630915
16.045497630331752
33.523809523809526
3.014376462721498
3.8597873178416697
6.3418803418803416
6.005179669796051
61.114754098360656
7.76978417266187
61.23717948717949
6.071297989031079
0
0
0
0
31.909727626459144
11.114754098360656
15.283819628647215
15.586206896551724
7.544382801664355
18.015401540154016
7.646651270207852
4.108821104699093
25.278731836195508
16.195477753464623
3.645204862674471
3.0012779552715654
3.841656516443362
3.2185261003070624
26.495767835550183
28.487041564792175
3.232189973614776
4.571917808219178
20.5188679245283
35.40466392318244
