26.608333333333334
5.682286473911598
7.463569165786695
5.832639852057328
13.738387379491673
0
74.54416961130742
15.537892791127542
6.15
814.5333333333333
6.524822695035461
3.8483997754070747
30.314002828854314
6.449027695934001
15.342528735632184
15.222780569514239
130.45202558635395
106.80295566502463
13.355084745762712
65.12536443148689
356.57142857142856
253.74375
24.406779661016948
7.072010869565218
29.0
16.56688596491228
8.75033377837116
30.218
19.001751313485112
7.053122756640344
17.924906132665832
11.865507776761207
3.8152994464016103
3.524137931034483
13.625980392156864
11.192751891676624
11.423255813953489
6.64576802507837
14.406148867313917
10.212624584717608
0
0
0
0
8.156818181818181
12.8525
3.5855670103092785
30.44766997708174
7.399141630901288
7.299447513812154
4.247142294048088
2.8988941548183256
85.20574162679426
5.570459683496609
3.2211115553778487
3.1636707663197727
4.161198865937626
3.138793103448276
40.6258445945946
28.211005378568473
2.107231920199501
2.2577319587628866
22.37923531240286
49.49283819628647
