0.1235517429347251
0.8098031258081497
0.19455454214810736
1.0679846648605786
0.016506856716713238
0.5224415673645928
0.034184460133885874
0.3235689956874129
0.15964874880521912
0.45573579533033426
0.3146658928033182
1.0224415725452125
0.095946737859893
0.6856517823004705
0.14570051372095086
0.38833169026223613
0.27823527712055734
0.03529475479120814
0.35292891461986486
0.09869644982850626
0.19713521853802188
0.9575710207274599
0.09144661330849498
0.46753129074424915
0.3041367436345575
0.09100917409402635
0.42554748929584063
0.07062388776421188
0.06267500219386889
0.41946743403777714
0.10502268047981786
0.19568587746464933
0.2996448389981723
0.35556689540275677
0.4878934450622328
0.5071734602281858
0.424402504829663
0.12462583558293153
0.4238857185782562
0.8647219469611012
0
0
1.540449901776621
1.5651775688866296
0.2660019593326235
0.7982763704008896
0.8469118261992201
1.4577906443845832
0.05227882453032865
0.2181748666219233
0.056098071523248604
0.13293350999864129
0.17705902241185958
0.15115699565313134
0.16049925922921726
0.1553831571322453
0.10698309931004696
0.1547150165715898
1.3122811403808239
1.3725853689239105
0.058222674298246756
0.226040958630005
1.1496716668756535
1.3020362267132022
