0.041153526952494426
0.6997304593609256
0.15731196621263907
0.8962993208267919
0
0.2572326803892991
0.1664449878470086
0.5099667116193113
0.21035290055591244
0.5876673482336096
0.4065927285187043
0.2003316676625083
0.3599935556864351
0.10401634342816138
0.8349600433007308
0.2026593869068354
0.008839295752924836
0.9314078284390873
0.10610886838813358
1.5127633063010262
0.14360000524699013
0.1575106737436064
0.21612942396189153
0.17479073061766026
0.05375310770928432
1.1045773199635953
0.0859279740395411
0.640338868443573
0.4053131360547615
0.17737126260395827
0.5356385746821066
0.12162345103077848
0.29160968788930014
0.2355617484318116
0.5127422728312213
0.7223046844124251
0.13202232871369715
0.35025408450810214
0.15211747056073416
0.7947515527038158
0
0
0
0
0.1420425044101378
0.728344864199722
0.40226420855047273
1.3348622972600759
0.039085768963077985
0.1190591209775767
0.030683123304531223
0.22775223366931396
0.131496191833372
0.11952346120047558
0.11491698108532225
0.20547373696084592
0.032106827333178295
0.07126865189057376
0.9705151490933114
1.1356561313351394
0.15613405855257964
0.19106007376097928
1.2094269597886473
1.3790219743753764
