0.06597501761438078
0.6411299837051676
0.1672056277103048
1.0014473505270172
0.11402643667619937
0.16848601511996092
0.2942824385186783
0.22421728600782406
0.3229685780974124
0.0065785855130220455
0.28310870203981
0.09023521486058175
0.6098333609502902
0.16664014197815777
1.3772464027948428
0.13750113643243717
0.07740526592920481
0.6980417457418835
0.21318293073081884
1.393121288096554
0.03287084723907575
0.10377995670560376
0.24159914240137484
0.09670729036519567
0.18781719425837373
0.021495183680129825
0.4458199867659369
0.04784213727844204
0.7904906959860023
0.11973924531825449
0.5727452954822809
0.12500239072823846
0.20752019566776025
0.19228450688446982
0.3398163130058863
0.43723476572567704
0.061950385503911375
0.11119083794303669
0.07287081883748375
0.0856165173987749
0.006900534060333792
0.3189738926276179
0.8015830291127249
1.546624741491243
0.1802620438409523
0.568118144131951
0.31591742163359343
0
0.09015883995920146
0.07803969242769271
0.13573867732576084
0.18134441881276453
0.2585742865461595
0.12072558699358533
0.19474643489718782
0.1338346112657002
0.09062862050531821
0.15526526778060407
1.0189345373054175
1.1487492419363594
0.2821451572229887
0.25348927995149595
1.131416824848511
1.2668157825786195
