0.1129165617257522
0.6298631485994585
0.342127860202358
0.8208849436476562
0.034770762848353495
0.6828775734421217
0.229613859725489
1.1556865151214828
0.40235267590186546
0.1346224789845044
0.35571091603713334
0.11301800085484832
0.10485869179419528
0.6371938892598815
0.11593711256577278
0.6464520808884632
0.008182164605668927
0.9649721395709638
0.11332708628803864
1.5245180154456957
0.16081290925128094
0.08576109613397061
0.2076153155659435
0.13509585115452905
0.028095717812025026
0.7277621621792074
0.07260120992795355
1.0113670574514055
0.5285960180624877
0.11280838518698451
0.6739410133256493
0.06809567093753552
0.30091905223546184
0.19326743270117705
0.20010715728769918
0.27129407207143874
0.4086593803247629
0.07249292514727146
1.2565080652065395
0.12336526383294645
0.3524200029087898
0.10525203127628976
1.5161800701041006
0.5950183230384797
0.10610301511133455
1.082118069827981
0.12456895040371907
0.2081074353839992
0.11282089234580756
0.9737645704009167
0.11426082827575215
0.08137129870237893
0.30742791759166554
0.1918217135160495
0.22343643745634337
0.36996811077926894
0.3549391442619123
0.16561292061964128
0.30160308155256205
0.6445116835669826
0.11059544341868018
0.0426954268873167
1.2609807021557764
0.8235877061474345
