0.10191194483574638
0.7422741649439901
0.1334959504945996
0.35178243632563794
0.012172815063628804
0.6490419900574427
0.05289268367665972
0.3775743713060337
0.12283010701275365
0.711822726515534
0.18546358010922778
1.3825244983261271
0.1632454466264619
0.1412645065220926
0.25561089327211745
0.15975973417876488
0.027325062262320194
0.8521757698072795
0.13796062124925557
1.2462399112233986
0.08430865384292059
0.22674745637830848
0.6051763758032473
0.23983417746849978
0.1198259413970964
0.10421696254626742
0.12679692854111954
0.1319496334340952
1.001882811385398
0.21482504989591014
0.4477202695762607
0.28762231223265006
0.3450525477428406
0.4662379544246303
0.29217084255884546
0.3246382386117201
0.628787031985844
0.17601017313174755
1.0044531918617112
0.3253830699865581
0.45282595697804595
0.5585148016297331
1.5346586043332322
1.553612155003557
0.11282134133066347
0.7200858198463107
0.43068977442680206
1.327542089053685
0.05585609246850883
0.19146651254024055
0.03628998241027912
0.1759328973678188
0.2118632030952095
0.10287430787613781
0.13181147950049163
0.12965570309307942
0.06404894425155548
0.16157302673156335
1.1714154217569772
1.1872001270853159
0.07995507245732014
0.13824966742276534
1.3246047794968234
1.1997794583879593
