0.38280205679497703
0.8279945852859381
0.4925790763788504
0.7443281809939251
0.03167023311903506
1.1045690434515327
0.040354441378359245
0.6629977954823791
0.6295591453207312
0.17064259101474263
0.816212759237548
0.14930030980776693
0.046413556414226516
1.0158393918971618
0.06688579006766851
0.2529472689932274
0.19280911863421427
0.08206186565504824
0.15198384858291986
0.14458592617446706
1.3817251466746854
0.7925400512158394
0.08749392956748613
1.4755085954654659
0.11707753907599719
0.12143602950190055
0.08274680131311944
0.19337810444398076
0.17898856567530622
0.23693769959974412
0.26824171493265575
0.36352171915934
0.6457081920263431
0.30870958596915204
0.31098313806487476
0.45116954899226286
0.0762906461863818
0.6448809507315626
0.13096492612121888
0.7890891088385309
0.3550348216384831
0.04974443865532752
1.4918195975892126
0
0.07477915201315707
1.096005638614956
0.15711113875708865
1.1619748120683817
0.10191326447936122
0.04928467485757934
0.0826053699620376
0.10954511339361282
0.07745538851988128
0.09051243818240934
0.28140976940291923
0.2449636710105989
0.23772203091652955
0.1952534328125764
1.1114559294062563
1.3480553676736924
0.20535707411639295
0.0629837094590692
1.5458702116189826
1.3595204660763045
