0.14736530241873952
0.811820237177838
0.19744261036009036
0.5054221090469546
0.04786688938243657
0.8675338182631488
0.056161978452414725
0.812356662804991
0.2193004792350487
0.2716640532132933
0.27252540345287307
0.36634881608083336
0.13932317539318698
0.17162751086687247
0.4137931274101889
0.16395522827305653
0.03234817855384586
1.0452471565012222
0.16927246025514686
1.5317347982485532
0.4485532896719831
0.0964845030401414
0.36958585472888555
0.08279018876860315
0.08311064735779666
0.17771551016869175
0.09126670537207415
0.3469381401700237
0.2534302512353055
0.10847781596878354
0.5118913020881761
0.4842006640114477
0.41432884571702355
0.12095417134207556
0.7682406900513644
0.6425226118061368
0.10499541331223664
0.8802333743160705
0.22109786255878586
1.2590096869164444
0
0
0
0
0.061004241154409715
0.8804409678496257
0.31786732636823617
1.4604839009745783
0.01618988355781297
0.16090215229078297
0.021425810227173492
0.18227199746675365
0.20662171020698686
0.04540768057265889
0.43391779051302265
0.11051556579562306
0.024670489801132477
0.32539570906441434
1.2356065102337426
1.5167495676697145
0.5078093674784848
0.027878006442604273
1.564110914635764
0
