0.058487121855761895
0
0.07230550813464241
0.303175192739078
0.05844677584422229
0.689784081755605
0.12924345695136838
0.3996035153317514
0.2089487957554061
0.06485007181955224
0.2134745107399572
0.07729485805465591
0.0504454906044527
0.430507677264263
0.12352341623467467
0.20367966271474552
0.09527672753542082
1.3751103220522374
0.15662425846049496
0.03838835770730659
0.395746564000263
0.13260224329737028
0.8606103820706628
0.11122394674764718
0.18860071737298598
0.13901352617932242
0.30563875240369215
0.18310717581752023
0.24471257225775978
0.2779837959818821
0.08216045650290871
0.228556978874147
0.24381628364053304
0.10670293736126665
0.22969866274103096
0.13552075383754253
0.5499294382080032
0.1060404364685155
0.35421198507170787
0.1472225296738592
0.23102546675931215
0.12036474745556562
0.850118393759798
0.9324486747976157
0.14452362772630636
0.6855262536309863
0.10316008362778746
1.0572140169165782
0.11835896173677542
0.11075334648788633
0.04800134493140268
0.13701373824157714
0.06206695050470035
0.0807813719389478
0.07089691888943045
0.09775533386713701
0.0701080138635206
0.06539015437985526
1.2290020333610698
0.563607880813572
0.10723129349522145
0.1404808817846437
1.1812167762821235
1.262315937563851
