0.04185830297574692
0.9327327700741208
0.05044462914550165
0.6467941132236357
0.3601971293309399
0.13901355818286293
1.1961034885108965
0.18678133146043424
0.05824309742738595
0.06299906294618579
0.07260117490256257
0.07514560024046839
0.054635407327614766
0.01712758601052722
0.04941829539651562
0.047430973608884146
0.2929273335428953
0
0.4165773602783175
0.06379519227049527
0.49474425939693506
0.2476457014220166
1.3563752235239872
0.3963969448352654
0.43974046818295465
0.13017049487683502
0.1321243715892141
0.19189182215078665
0.12249979303348955
0.3032523134173671
0.2814857256871439
0.17044651019643478
0.20391473369457486
0.1400923883116979
0.20364153896794793
0.2906684161765452
0.10006839780839046
0.13500608840887895
0.09085475709082119
0.20575454829508796
0.15337127084233068
0.1464004851592044
1.0400013372921462
1.0317106608490216
0.022330311837068937
0.7033866057186983
0.19235009582556556
1.41445908115925
0.049405237783191905
0.24173917599486358
0.05078237335346249
0.0915465741767093
0.08423375345989301
0.14680900204858735
0.09714336678444356
0.22720448473322058
0.18488495752618428
0.2517324743632914
1.4414221007925034
1.2951855795612126
0.008909921939807525
0.005329410926734383
0.901114165840593
0.6155147535784016
