0.315376252295664
0.8031324280869946
0.56739453256594
0.7474608384354219
0.6019959424985356
0.05514658516298018
1.1924930101012199
0.14258402642293605
0.29944019572095176
0.20103266953234528
0.5173262763214345
1.1217542673592527
0.5534752475368199
0.1761491451265579
0.13671858600934433
0.65744388275433
0.057878771711366885
0.8576780973836419
0.16104790807842498
0.5442504121520325
0.6986731857020914
1.0282641241240327
1.3988117373747926
1.5060126270458956
0.41269218314638806
0.4973014571055991
1.1151168340350721
0.9514894526879235
0.39535581687598764
0.6075010371822362
0.007773690510532857
0.7267543514869448
0.010426147406446656
0.6498403719506609
0.01742521657471512
0.8001604296210912
0.031467673683970056
0.6826371579714252
0.06757653020166658
0.31433692394965285
0.02695981301220227
0.5863797976472885
0.1366854987916442
1.4704626757284418
0.036516982151480165
0.1910502596837614
0.8028857048360397
1.4239966908960446
0.40367437911277654
0.18232115740978166
0.18674928543393252
0.33118054518851997
0
0.4955215975557513
0.08728159491091846
1.3626765288106681
0.06661545023752381
0.3713129707169877
0.1694706471007572
0.5877853048662647
0.20442882895317738
0.3047186921394883
0.33887342499402323
0.3567039251460957
