0.22731200295811613
0.8593301006708037
0.26435876839329947
0.7615930485717055
0.04500942426053831
0.17801795807084234
0.09079848906785011
0.10867154675673805
0.17476987811904965
0.05769249196837186
0.4664706131274445
0.07050586059497456
0.1015701952691595
0.08487251757684496
0.11287657303529064
0.10658239614736913
1.3806665164958793
0.05963333873536685
0
0.19027101220945764
0.09178049409893069
0.4437670336090594
0.07363733300169865
0.4115932864078788
0.031421657003403665
0.22794251906762236
0.05641002924755756
0.10352360899428673
0.04116571463601778
0.23997481992564773
0.056683292931284136
0.18680554216712766
0.3443287700774488
0.18250201458161577
0.2222474885219356
0.31149908417392297
0.11941739447629328
0.13556684574118624
0.10005043961965618
0.14097768046393713
0.013848730129877064
0.025747941936979348
0.8814551147735652
1.007116544181767
0.0418575214938962
0.9128382656234393
0.18906792874652115
1.3823245351003297
0.04375002289148933
0.13910580010155538
0.06423844037878287
0.18442919186175377
0.06139594508962863
0.08613345840030077
0.044550001519372315
0.24141712350395655
0.09271187352901028
0.04999525850625251
0.8814395368536874
1.0239065256317104
0.0676221052117551
0.08353174935103273
1.283362191693798
1.3188416397221279
