0.07500566686159552
0.6769249456604358
0.2629128938132087
1.2125688350424446
0.008864869442477582
0.16786315023200832
0.12469611041528715
0.2522905334979102
0.3927691935294371
0.08297638433710389
0.4747027133029352
0.3335941150596959
0.28673557796337196
0.10616468880860755
0.3366929517130347
0.06553416382046488
1.3139438138347128
0.28414408086145215
0.057004774586345404
0.8466253952228011
0.03618714055997478
0
0.0267925226478809
0.03749288364987518
0.06507598291536179
0.6573321069819617
0.053793447844435155
0.09515493588555822
0.05611823105328443
0.06156946742573542
0.049347830042605845
0.07102562028606106
0.15468440116080728
0.06613425875997488
0.8036387017569818
0.934639644072319
0.14794223214946642
0.8464588319795608
0.12196587633157906
1.492677883007935
0
1.3980730076850807
0
1.542780789327199
0.242570134109605
0.782702732193012
0.7527961652872494
1.3076457478175953
0.035757218109910595
0.09874904450542384
0.03651477497225414
0.190868788140048
0.25909102695482406
0.13630463869868598
0.20503337787297496
0.17200262689374754
0.02392665232427397
0.10230407308812375
0.923797054360795
1.3390912077448593
0.1816383848554051
0.2402644043313573
1.0617918738877206
1.161833190432406
