0.18909451696277024
0.7977164327474325
0.5563054306391397
1.1168432141310374
0
0.32185302394530113
0.12191937721430159
0.4386601853827817
0.7861073822611613
0.5520039740999322
0.669609507935913
0.2889934801154809
0.3109803805424808
0.6109300576575794
0.29786349169107257
0.25096056694674035
0.4962358233749723
0.06462448678182632
0.7627872501034865
0.11635065337888391
0.01399098400879695
0.7932281500398874
0.07617167839796411
0.9300241081315777
0.11605837405236773
0.07849683740330307
0.08801772093866005
0.11473898042566254
0.05040138732103608
0.16664546630474103
0.1455790260546147
0.13378179277086724
0.10921457278215262
0.2507638378375862
0.3859765573539721
0.7483200248007313
0.18071586291770386
0.17225632507435024
0.3680007307555908
0.3698100426506545
0.05222115177772246
1.3095654200944775
0.07453356758597549
0.4844380218562657
0.8925368325678404
0.9037554041142649
1.099935549231891
1.4981179580106065
0.07342948525475748
0.08320939425344318
0.09453070926289975
0.10797610734193415
0.10313799664774087
0.06905361699222774
0.1681264250637863
0.07359456007269562
0.08880659539206087
0.1428417282204187
1.2362386237912715
1.2423010539126778
0.16364316161977363
0.105496193656601
1.113028851866791
1.1829832803460558
