0.06987758079138598
0.7744746677542109
0.1613230923961866
0.669799171198482
0.03910601545524921
0.37363198237766443
0.4575454394336492
0.45786502461348233
0.17099640003650055
0.6935814721546171
0.1653921464405368
0.5368196076136955
0.42030762871498056
0.38533375495740935
0.3580776943310942
0.07484425875550435
0.40852865097009533
0.09426093618263544
0.5591675072113204
0.13189269485123933
0.9740293958755916
0.2051350470242749
1.4140794209280458
0.45640613456237245
0.47052288290929173
0.1125435502965877
0.2742769290041508
0.16135844186474665
0.44939491919889896
0.23437782297013313
0.2132224283524709
0.18655705098710157
0.30396507617035945
0.11716870680245343
0.22629574810637593
0.20398994684110172
0.16703954365819043
0.21216676158888728
0.11872353378873604
0.4493862545220988
0.18953323118580911
0.18395832945301327
0.9167620802218631
1.124131967824279
0.6395114379550612
0.7860875546346693
0.4291691378894037
1.4520522922131482
0.21365929960980604
0.23338445228193558
0.1696520790895887
0.23484118373911225
0.13647224077254577
0.17380077185189383
0.14867981501210006
0.13912017901736207
0.0915295653088575
0.09768159049133172
1.2211791948364403
1.1714443936001104
0.20110265224932378
0.18414959123600994
1.091977422034747
1.3057868823807066
