0.24556931846742683
0.8312004367307975
0.3099239879696897
1.1031122034112761
0.3055063563543614
0.4129710655172206
0.6897555389447267
0.9441464161510628
0.45184249650242847
0.125296765941846
0.26714716352697804
0.2371303704895853
1.3844100057083373
0.27992873212123176
0.1486366832496808
0.4467498018252853
0.026991157623263325
1.0626478357579794
0.08154932973957552
1.2545346813560285
0.5391323748311083
1.495336722048333
1.3307246709957166
0.08558353914762111
0.038110515668079
0.6825812305987099
0.16958460932741687
0.8016399403052673
0.08600162970584303
0.04946169722162395
0.07712690796324555
0.03626023792625506
0.11056651782806219
0.11797294250195449
0.5370704330850519
0.559874273702166
0.03419379216536743
0.8110129893371162
0.036006743492962005
0.9734261362217262
0
0
0
0
0.13500994790117304
0.7392035837296492
0.23120304879397116
1.293922991731574
0.4191202667825324
0.1393788824475988
0.1286325381204271
0.30943934826810937
0.04395739779052039
0.4026158797304211
0.11249522944944866
0.16099517022670273
0.1504469654932888
0.20636134338430506
0.5290852513579449
0.6060340881259687
0.13132969180713971
0.11778322776043289
0.8136892900758992
0.8021254300304729
