0.04001203762678342
0.7200894460575987
0.10930797513348961
0.7467128162835854
0
0.39387682360796844
0.16531962508676754
0.7119838348103587
0.11292609924760048
0.6238001149516658
0.12732845708728716
0.07454483104588903
1.0507858290940773
0.3634096733604892
0.0772307101734175
0.7075501117904293
0.18680309369842482
1.2896435015402223
0.1757679257701779
0.0974153294598926
0.5257877212315082
0.08342821422489351
1.2403115606993977
0.1712044393893152
0.20536156276087708
0.12059992569514766
0.14077448989958277
0.11724467002858427
0.05165445773756305
0.4061085273256443
0.15986858370812201
0.1833986263588501
0.33629726213003197
0.19995991175568453
0.27293713547523213
0.4857508210407857
0.2276702337486318
0.5145945170784179
0.15745698798099844
0.29376861497655093
0.49092290216350704
0.8598122198455299
1.5334254054941325
1.5638888809722988
0.2497934543569453
0.8113841039850881
0.4974300671639947
1.4403531769584077
0.13803508165734688
0.18031803327464194
0.18359754765845088
0.17446249956428928
0.03661521306559912
0.05145063884579438
0.048893428306830335
0.10296622391217024
0.1932632709821098
0.2852949757818333
1.3743711091729292
1.214368018660503
0.06098288250300316
0.06528852535998436
1.4521279223664698
1.1950861428985704
