0.10014740027064914
0.8207666435092639
0.25286260224753176
0.9575139953363601
0.02764353235918326
0.8349070498887196
0.05391176332304953
0.5484766858767275
0.2718961729340339
0.4909691482586314
0.2801113472151546
1.212932301146066
0.033043204907032976
0.6406316545082322
0.35007090978450145
0.6731403703737852
0.26298480790211637
0.9042340129622441
0.29471618975258407
0.2007177563629791
0.4189868570109366
0.39833614568860193
1.2898142670986044
0.8496155959772409
0.2529653237354922
0.34781893209957504
0.1208056482097119
0.33590125374591656
0.17163575047102722
0.7767024712223777
0.3833671220586984
0.4698751989457182
0.46545455141790176
1.377374940476963
0.48019128557690666
0.23292519625050193
0.47798706073281266
0.2647401795608093
0.7964433778393573
0.264510225948782
0.31069544530557924
0.19321222664946425
1.4943288609916654
1.386195003590199
0.6931292635324469
0.6149042029064973
0.5419023472018816
1.1921819142031493
0.09216697231121714
0.2155316037319853
0.13128294799229084
0.40191018289493535
0.17599471737967695
0.11094329324101934
0.2406086330479351
0.20713119048230288
0.25200412436100206
0.3460150843121254
1.450535434216208
1.460910668085566
0.3366411239297359
0.10071996663427675
1.5365519666555976
0
