0.2494984940585147
0.0062008004818854545
0.4458624209639407
0.15576972509276663
0.031151969570909665
0.9796214430372086
0.036186418249428885
1.2915321717010495
0.6753514420059124
0.14464879589905053
0.3222466103673892
0.11918502557465714
0.0693175934801771
0.35501160544328475
0.057975425762201764
0.33059917002578443
0.05242877505007917
1.0745353995908373
0.17315625757040118
1.519979857116553
0.18429237408414942
0.08247764898978924
0.21518639845773715
0.10163208772934955
0.1953025185035442
0.0366479365838759
0.09832849951602698
0.07304567687377793
0.2859525553498326
0.08525814847859212
0.5007263486875083
0.10357319995084832
0.2583759874014706
0.1188645446395047
0.5368681618598307
0.6817428357891243
0.06635212443277329
0.01144028762908202
0.10821498003320995
0.10337246391613195
0
0
0
0
0.09562539105957407
0.9053468252906843
0.16173907933243561
1.0197183582799123
0.09132982726184989
0.1743422568929178
0.18863434472660376
0.14510443424234398
0.13931834406842122
0.15348682165568062
0.29421409457163483
0.16110872195549472
0.2080714720647936
0.16550796418232597
1.2379918675307144
0.6656745621000889
0.24923255830327196
0.17376535474902757
0.8874203222011944
1.144775672744643
