0.053989712555407035
0.6700672522894919
0.15851724479258197
0.613163035804973
0.08024620639894052
0.24598102889616846
0.4581169993338596
0.30023678425995026
0.16000193068164378
0.21240130406096036
0.11201669366591203
0.23256163719026232
0.7201042705806563
0.1593868269303771
1.2006413872900707
0.15512025013900327
0.02647007945904887
0.8845523501870001
0.14061137915004082
1.412256756162697
0.09311087670709489
0.01874609279009367
0.08334181557060429
0.04702801862212461
0.1610201460354984
0.433878983849661
0.19468997065885066
0.323902187201778
0.15222007637176901
0.0999763386353983
0.14490660980686057
0.07280568126228118
0.1106876817913223
0.2017410980780799
0.315255404127071
0.47084509963410714
0.04991977645128635
0.40970010403990365
1.1830462991477078
0.34020074014157303
0.5011302677568472
0.7094755141274058
1.5122286268329828
1.5409520484975183
0.04815936099098443
0.7270700913741581
0.11729562548617509
1.333005873434851
0.08525900241002705
0.22643581372207672
0.1488971005448728
0.24323813590042628
0.05939054148110811
0.2478086038875224
0.08984192991334328
0.1353567989414467
0.08257489543221738
0.25992023986917473
0.8127597828317936
0.9524268243067867
0.10988171659233424
0.2165386927588504
1.0425195725089325
1.1201140505374192
