0.25198716958058803
0.7449902850989296
0.5201894768685495
0.44621972531259874
0
0.33643641288302434
0.09826529948615102
0.5610781159042563
0.5070399537040631
0.23128142362583107
0.9230598065798885
1.1461617133153763
0.4128813771445703
0.22517173319635858
0.4344743045067201
0.26937292791460044
0.3391703737910746
0.13697483992060586
0.44988195589188795
0.1609546253497383
0.09228411360899783
0.19294722864621985
0.07271015054337404
0.08759739830083517
0.5865441254029122
0.11363554655955795
0.27521892378616336
0.135778890167083
0.1813478403097082
0.2549930136361447
0.25362782043676313
0.3281541808648732
0.465204449152047
0.2914063252582332
0.2682201125517311
0.32056159429022296
0.15403947313710337
0.12195560336362936
0.11613730770048457
0.10963258725705863
0.17746666508318115
0.0975156748664736
1.38042778910697
0.9273803705861507
0.24900333577825945
0.17268541081359612
0.4486070652632274
0
0.121726458789664
0.09756712564148269
0.14858107461188458
0.2542936708348305
0.1517609099546677
0.18346839202957885
0.2540903901074462
0.11405919650683463
0.24674619799434924
0.28136818922875095
1.431372768489443
1.127331898926854
0.19738638210240125
0.12057936723390887
1.0623554338266417
0.9614060505592313
