0.06852252974387375
0.7410067853056714
0.14493590763305642
0.4829206772283818
0.012090402653492456
0.9951799358072893
0.0826657374974611
0.39559444462697324
0.17255089610255356
0.23710987711748768
0.25886118649631074
0.6301877088826986
0.3949176903260796
0.1992924230265156
0.8579233926247446
0.15644091823684309
0.9290697567227796
0.27306114037077384
1.4189190944094296
0.5417176224564305
0.14164058421208683
0.07431862589107831
0.1685341119789621
0.08020369338837387
0.07329586052457028
1.3194682440345382
0.08243284317933337
0.05676335760845387
0.6026364610801144
0.15419283371239315
0.48050016634545945
0.12576621229172935
0.36794535216956653
0.397322278633232
0.5486926452277737
0.4787175133931723
0.649729611945242
0.23123903010223149
0.7449650704067218
0.4577513202963182
0.621938190988686
0.664654093890029
1.5522264419342346
1.5566302086152612
0.4062783055816584
0.6150501400557186
0.7381469928643609
0.9496295206781104
0.03809011492294977
0.16707693332980164
0.04817967146541083
0.18616631788790053
0.06321601021729702
0.17192851072534676
0.08832882981765046
0.09315806009897092
0.08596639899557915
0.12004554949020468
1.1745513644420307
1.2066466021361928
0.08537479014722461
0.10931992628385491
1.4029589033540575
1.1956312189283218
