0.04932447096724996
0.706821884947925
0.13253227693447375
0.9887848908084304
0
0.21581009897438505
0.20686920888362065
0.35250393347416986
0.20548028520951042
0.9743154609283231
0.243424533456264
0.3185923671338342
0.4086191718809793
0.11650942455077325
1.3267258929081478
0.2626765653450563
0.16120588703872665
0.03738998704735033
0.14720512730032867
0.13673848937597294
0.6815550354288171
0.16798585141681802
1.4818612771958468
0.31198525833802787
0.1880016373505543
0.09832192522790259
0.16544080825443236
0.06542475149425865
0.014555648442080299
0.43743130829471566
0.10972038469291329
0.23049278785669816
0.14629949897464362
0.18727254095492377
0.7205743543228949
0.9877637789040614
0.23075661027791125
0.0652356369075564
0.16031216151831815
0.3818213322406112
0.04184983471395175
1.2926702536792536
0.06238135277088104
0.6465345468465913
0.30543026264392426
0.7195059371224121
0.9997000668874849
1.4419320326084506
0.14941027911955443
0.15136638654505333
0.17357471455438334
0.14507169159632605
0.09639541610364716
0.0829601210585791
0.05673026311123571
0.2005548462980499
0.16197098212340716
0.13844300129997
1.337581289850164
1.2418320484079102
0.02928753525392009
0.05600004957682395
1.232573507320317
1.2024526229869994
