0.23331181002157106
0.9747751805630184
0.4641433318958358
1.2707998673912462
0.02775105491782406
0.7491828729831553
0.07153750688260015
0.30945966017207355
0.6316775013869075
1.074325735391084
0.9621080220414127
0.2796435024848454
0.5335636945674139
0.3133689408709978
0.7809823759498188
0.8314876488321248
0.08356074748724768
0.6822401332074935
0.7152081545326074
1.4351361427313425
0.2773106668839521
0.07195336001603299
0.17707528905062597
0.05859692167518377
0.4793152490316001
0.31533076828443757
0.2739036928828816
0.17259792819055755
0.17156819137613066
0.07222378217019362
0.3165207549415137
0.0638405431382621
0.5518468789825852
0.2440702734340564
0.6838763233044323
0.6818927798325886
0.10532319583664619
0.1044781082724555
0.2194031516661023
0.22141222307377628
0
0
0
0
0.12997057132186926
0.9424223332292915
0.3820304546754511
1.4278391310933423
0.17091574660469222
0.19224908276489297
0.08330349528001678
0.2516569060248785
0.22012654194156864
0.14802770921515568
0.23587969392330208
0.16480551571050944
0.17144737379431552
0.1682581209216808
1.2822507139523747
1.1802678040050854
0.32413049847821856
0.25567364228086553
1.0410848608137213
1.105028126229099
