0.47498915369054745
0.9801017611268831
0.48947846784021165
0.7673050441202277
0.9690398515320888
0.25505374667746444
0.9103741913644736
0.3662133274497486
0.42366306996394143
0.1385662257356609
0.5999112486101406
0.17306414812478457
0.5025798574018573
1.1047090979049865
0.34563852369387543
0.5933059708616784
0.2096071646468238
0.06589269812827098
0.16747104224940448
0.18803277018777084
1.0175580767938555
0.005554096328796858
0.8946742320553757
0.1095975164890173
0.17174980329812914
0.1827914273029795
0.1619825051169468
0.11995434071229345
1.2257819083562875
0.3926335056512739
1.543119398192533
0.6824228283519556
0.44424932818422047
0.15765547425014623
0.5457628007718823
0.5317956126165276
0.7037350146836167
1.1099810999367794
0.052524763298750346
0.7385118759363051
0.4812700910981008
0.6254604654554451
1.5460503531885603
1.5561655670541636
0.21561309797965977
0.8132637306753832
0.21959262435087437
1.2900068879446709
0.11489495631233144
0.11361453158780847
0.1268402241694384
0.13788806684073163
0.7156371526838347
0.14428088028643185
0.08484992861214016
0.2874001741700606
0.11694572313919219
0.2710629808095442
1.4358522311296458
1.0684444023690278
0.18266291940481622
0.2640907338912098
1.141257010829948
0.9865801865903489
