0.07257483201441714
0.7248111552142934
0.09908962808124674
0.328450669525482
0
0.3756950653340666
0.5416717707962097
0.4425284772676394
0.09161510972212904
0.0797143191653909
0.13593891854604848
0.10576997616339509
0.4258139887905958
0.2402386866142484
0.05874291935203181
0.7089281859344779
0.0877960630108307
1.2894438733746514
0.11457301137401245
0.125070920463078
0.8234967795295376
0.2882555009016723
1.3719395488070476
0.46373050164499846
0.10353616117729031
0.11455867237469354
0.0999682112415054
0.09044615863886467
0.31521870396170365
0.20283672432416075
0.28600714914522374
0.2983006327436642
0.28660367776719003
0.47117409721720627
0.29887361777154925
0.276023116403366
0.6416658051258333
0.30772484689536794
0.599423727753208
0.23163003717172073
0.09617841938435694
0.08568838756830703
1.3443573422868154
0.9023496734047226
0.4477717668638752
0.8037206313693959
0.3329739027663068
1.4234713074340024
0.07467476228016678
0.12395635793840125
0.10946253171903564
0.11884102740376382
0.08409479774621142
0.1780572537081237
0.0987305049794438
0.10314589724533477
0.2726959187125196
0.1465684588855212
1.2596971522548646
1.1504283163674458
0.046748401138922716
0.05940160251901501
0.9881779518878556
1.367064494926187
