0.24537336699223053
0.6438197334443315
0.3391001297914179
0.543832502779538
0.05723136726348952
0.25611626505569707
0.6471195965419603
0.26315941589824204
0.44759616698726556
0.08580001550069569
0.18687843976662172
0.06933512954961794
0.8225144792789147
0.2915305593524454
1.3184263484876906
0.3797739589612592
0.030165426996039756
0.9032436107797601
0.2058642082142077
1.1765192494340901
0.07995736012957742
0
0.06910557077197056
0.01827480722952816
0.17462748472603026
1.5707963267948963
0.16280772154924464
0.04927639288540422
0.11704434596390012
0.07726438650537912
0.13498201657710573
0.040177629306437056
0.19607266038625232
0.2723547866614243
0.4159846217035042
0.3221696533020718
0.2666595525737006
0.037884434711111054
0.04436660009913066
0.09537997797399199
0
0
0
0
0.0855557797859227
0.7288090851028434
0.14664754080946774
1.3233069173075733
0.11987936026862607
0.15331984875371296
0.13337361867214173
0.13216348159529007
0.0104148039105151
0.43328221451672716
0.03362330463303477
0.262819702689459
0.0644103466574158
0.10621284127347554
0.9950506341975855
0.5912570986277216
0.08840691374634313
0.16169552620434635
0.9181216402477298
0.8675049404418324
