0.034639457306497465
0.5727823620116547
0.15406248577996953
1.0923340885116946
0.12785665531582288
0.10760015363816926
0.13376133031489712
0.17936673869464426
0.1561637060246701
0.8692672179862634
0.261057773291915
0.15957457001113318
0.25879007161214873
0.15734207826682514
0.4828470118189412
0.21893733604482776
0.0228634416692643
0.5996876432892733
0.12216240582180228
1.3855806421244297
0.2205407564007189
0.13666943653892907
0.3986951481635927
0.1123687380360665
0.1305490174024152
0.061795922819806136
0.12483757511759191
0.10294568106295507
1.138957373149975
0.15653425852001726
0.11053589293458178
0.2385840191005843
0.19252115496239228
0.22865024649129195
0.7519991790287404
0.6622291079114639
0.3386301559920564
0.5736377490933834
0.09785551540965187
0.1786748944369316
0.020027549776757473
1.1886531110220981
0.058025440473694526
1.012033727528596
0.15603916455304298
0.7023022049998908
1.181712768408577
1.4986525689453103
0.12570551127089583
0.1928501492022234
0.0925060010728857
0.21794909681384983
0.05208078733474295
0.11066079656047415
0.0734568027270033
0.1488793652200955
0.18163828370953516
0.1699457604332723
1.3766559550395892
1.2661457234327405
0.07326785090857717
0.13955540518865192
1.34187008719925
1.378896769237323
