0.08238250711505912
0.9721050223126315
0.16427369214736912
0.6311853419568344
0.03465310208037342
1.1659432746312008
0.10314900604568801
0.22394541157325037
0.21287521827879996
0.607399348311924
0.19702987084435208
0.43864408855653003
0.09133185611528484
1.0238093911851311
0.11051722986723031
0.3354145500650119
0.9788507207154434
0.678607102656307
0.9398105515397185
0.6432279456475165
1.016434019153946
0.35002165395503987
0.5725681874015065
0.36009930098214926
0.07660165876608921
0.4961906169433442
0.10076137915602885
0.501299058972083
0.3025153573490819
0.24752045771070108
0.6156493869012889
0.5980019191174941
0.3021653081873173
0.37603020320547614
0.3405332200925901
0.7903895081990281
0.143785348718173
0.47329742359434945
0.4034637383759435
0.8202530255085668
0.5045406083937312
0.9148956044406497
1.4740156188364069
0
0.08243575380117317
0.876373618053329
0.26211016247148333
1.3483110919989196
0.05095053940634736
0.10606224712089102
0.06382000038410933
0.14359600981867032
0.35532588768058854
0.07748513641897355
0.24442216573213965
0
0.041844018759732864
1.469540745195684
1.1011261029055222
1.5433981390684341
0
0.7885880675271487
1.5426202322789413
1.5651004802758628
