0.14730466708456444
0.7185795202334914
0.25765366490413105
0.39244179373979604
0.0196036242341441
0.916239033836297
0.06541967038899318
1.4359033491621949
0.2276438589443507
0.5195335117742452
0.21849978778112386
0.2297731755527661
0.0671307079013949
0.7519318155194982
0.05494251898911548
0.40221114960017595
0.011413064422029282
0.8712057502476024
0.11933571530146611
1.4953847000628666
0.08040580372910748
0.8666627171007193
0.10339260948189877
1.0036230171896912
0.07372865685709659
0.7213616801120926
0.10423474990024675
0.8348219773574052
0.2625867737487329
0.09452552535744535
0.11502098438357014
0.0627900102652827
0.38621137790067916
0.14889706053540966
0.3921391557626736
0.45438516132997603
0.10807191616804901
1.0897102691890554
0.06490651086027012
1.2533373372158856
0.6482396631166264
0.773587794779503
1.540406713711197
1.549641188299467
0.052934464172438786
0.8871679228779021
0.15440234069171171
1.4070158167605409
0.055473812627583455
0.04548556027863295
0.027651944463725774
0.1066490033019284
0.10765631355015091
0.1502840920766823
0.15571633034129298
0.19798403265468997
0.06137479667693377
0.15189527050009735
0.9180377834368592
1.0903964091743286
0.15221107135338213
0.15098759436409617
1.513106443029576
1.134713160161263
