0.08041600465720618
0.8333055905305571
0.12438827758854955
0.6452133130013481
1.1071198527277606
0
0
0.1944598266382452
0.2052903442231312
0.19829554908933672
0.18534502871976244
0.2581378914904517
0.11436952725240797
0.11435868061910348
0.24375640813181967
0.12673128119321606
0.551656318103208
0.10711245021624227
1.240287674282836
0.1854052719925928
0.4199808484134112
0
1.1712368099774906
0.005013794380091371
0.17787893505212884
0.11976572859829915
1.0361642099623405
0.24233422157611953
0.04049141453815373
0.06890651003186213
0.04686127529545542
0.04614356939954822
0.10929816296335579
0.12896290866357413
0.552740409511535
0.3304107675024636
0.12979005853886547
0.16285989922812538
0.4571481392207222
0.4975891284018347
0
0
0
0
0.0783534979180266
0.6276024809733318
0.10164912203512537
0.9367241171214897
0.056997002583602574
0.2200080853794555
0.053796750927740236
0.10872051259843962
1.1424337409528795
0.16793841466758702
0.06012735341054028
0.15603698968083599
0.023260620407313446
0.2263886026420044
0.42197514778931317
0.797620109807388
0.08864183492632263
0.24473191331831093
0.8279982075141308
0.7501221176797724
