0.16910609618432781
0.5083280569647232
1.0619694786266507
0.23644219221571014
0.04163951204016462
0.2946077711919269
0.26221809874582225
0.32616250832747457
0.6712793210518092
0.5425960105793237
0.44662935943348664
0.16888116455577923
0.26261728623847125
0.17272159472470486
0.37383928728961163
0.27811936798858633
0.06700128353878425
0.6422851514370472
0.22524002819356717
0.47374176228530235
0.14366521427884388
0.19800107057063498
0.4449206238212185
0.1902589167823238
0.23482455344991382
0.3037161879097421
0.2912099635509022
0.6469991639719427
0.7507536664611779
0.16077106448301376
0.6228813246635436
0.27933719484554476
0.10496757757446958
0.17788780635018545
0.42675960269462926
0.5897829574727114
0.09645571984048332
0.8938888402078216
0
0.8946677111060118
0
0
0
0
0
1.047395512504266
0.056756732856587236
0.7263142138188206
0.1156797868424617
0.016665158387937386
0.026631406973871508
0.06538283407548974
0.20699546604513844
0.16231861633966074
0.21752541641642942
0.16904412399612764
0.0815634549869631
0.3054679596074164
0.8834173235555596
1.5252615846157982
0.07621083412676745
0.06429982279163955
1.358300916939721
0
