0.1375895823063885
0.8017475502545311
0.15145549181972137
0.9980106878625052
0
0.21372254415683267
0.11736213966227158
0.2765367737992439
0.13982402346341505
0.38389365270962844
0.25320591962774835
0.9042152142517226
0.22012454241730187
0.1103337441312668
0.347641234457285
0.1671019513159819
0.16830133189880928
0.03531120857080662
0.15733532899706879
0.08502613717613874
0.36379005234279527
0.4568834863992643
0.42026015247517917
1.1454757377428382
0.22591774885045326
0.1321480827847515
0.2740202282226364
0.10640921717268845
0.051626499029809696
0.7754911173414337
0.06259186674544871
0.2847560871986532
0.3211381515517575
0.17508898186314897
0.31739323749606246
0.28555057195586536
1.090352675974077
0.43418764185211683
1.528451533878456
0.5906328833297079
0.2804679596366228
0.0955045249455331
1.5411174107590306
1.4873038508283247
0.07382958025834074
0.8368059369027626
0.21590579075655375
1.4101715925666851
0.07944489519450298
0.1709114685833367
0.06780453813415147
0.19530778276139368
0.1267314322309687
0.14184334134134408
0.19970105116431633
0.07515091954046947
0.10881306995265111
0.17818797937060593
1.2834038564304497
1.1935918820914662
0.1657623798572036
0.051741807742253426
1.341029508858415
1.3307103828784106
