0.14461692813992064
0.7962523179455243
0.33008648181653794
0.44716690825696115
0.3986654904873566
0.20163571131518193
0.6402401592828396
0.21189967457990935
0.27694564030313135
0.08091040085175183
0.2725887801872887
0.2529004832601681
0.4199175197039565
0.34347570489666485
0.47137377914100637
0.08215787366306325
0.7915033696562253
0.17776835752916814
0.8141097634223111
0.16988999907701602
1.2336880949256115
0.343298472894828
0.9529390840629004
0.47903409419720244
0.19910479146728988
0.20532210654559624
0.2259948052368314
0.21785244192496367
0.18460679631058305
0.24378194224246588
0.18608932494546732
0.28020068716011787
0.2646755994113123
0.3206794417066629
0.357085195100622
0.3622848200700599
0.10751415970595751
0.23551416621945653
0.312760835461221
0.29356506781404174
0.002426382924897649
0.22237947432526642
0.5107878554074832
1.5463293788401735
0.2313458833392662
0.8849276385764163
0.4598031197720676
1.3498816261425166
0.10696535795488708
0.11065684750018659
0.12173405830258105
0.18380943587764462
0.2121710513324867
0.10391013722950952
0.24445212972267144
0.10123958877137143
0.11068161318571981
0.09445301461771541
1.094410397212946
1.2149022824313256
0.18224769900064067
0.1621380045936053
1.1421298055014322
1.1243821451114364
