53.81725888324873
17.935607880826527
11.198428290766207
11.739469578783151
0
11.568485200232153
10.078392944634983
7.514274061990212
6.295188030731905
12.679900744416873
6.307941653160454
14.843863471314451
7.602773246329527
6.890977443609023
20.720902612826603
16.01026598226785
16.909018036072144
36.639871382636656
10.659524606628725
27.809215844785772
15.948167345427619
19.905284147557328
19.029605263157894
5.723052294557097
7.5497228562112815
12.82073310423826
7.0349053100631265
6.267967145790554
43.25938566552901
5.635618043350908
3.3980582524271843
3.6750620787513304
3.7683991683991684
5.251981505944518
6.459618208516887
4.000863856254319
8.214950272698108
16.063636363636363
11.96212402525065
17.110968569595894
231.29198473282443
5.669201520912548
29.040657439446367
2.4329896907216493
6.405714285714286
15.647058823529411
4.399244926852289
67.72947510094212
2.268513853904282
7.430806257521059
1.4234234234234233
1.7535971223021583
1.7056694813027744
2.7766920014477017
1.6941292550567342
2.7239766081871344
2.960666951688756
1.5714600794000881
24.12821140200636
61.715328467153284
1.392226148409894
5.875486381322958
92.14516129032258
1645.2890173410406
