96.90682196339434
15.58758109360519
16.426565242832066
15.110904007455732
0
14.054790419161677
8.021739130434783
8.277401129943502
6.7655942219304
13.189710610932476
6.0940910801656
5.530673530673531
5.076691729323309
6.300732442912538
19.181818181818183
16.30430220356768
125.66929133858268
9.919204474829087
9.415929203539823
199.5
30.165390505359877
235.58940397350995
10.463680387409202
16.246682279469166
36.698564593301434
14.703960800326664
2.750457038391225
35.01115241635688
8.961475409836066
15.085334695963208
9.050496688741722
13.42519326966803
3.46519054715776
5.03117968498875
4.361806451612903
3.031331592689295
7.802618328298086
6.964517741129435
11.763157894736842
6.035029190992494
182.40554592720972
9.210965435041716
25.10499139414802
2.975
6.8091312618896636
16.497722441542667
5.758048119281599
73.28900255754476
11.755102040816327
4.65390924002187
5.506692160611855
2.305650360257869
7.136563876651983
3.3293413173652695
2.2952677812411446
2.5060096153846154
2.5018910741301057
3.3186936936936937
26.69158878504673
39.568762957843816
1.482370592648162
4.251386321626617
35.06868272680676
91.85409457900808
