112.63320463320463
51.079377431906615
14.49164677804296
13.827935222672064
0
31.576285240464344
9.394121576486306
9.279382135661518
11.380742605412209
8.997824510514866
8.092032967032967
9.533018867924529
14.710252600297176
8.874734607218684
12.14392803598201
28.619246861924687
45.936708860759495
23.557408109132247
11.00027166530834
52.742092457420924
33.9234211834908
21.361256544502616
12.91480996068152
7.709302325581396
8.637520391517128
8.548484848484849
3.402390438247012
2.8976820416764224
15.090183559457303
4.289424162589387
2.200746136081009
7.872430152872957
6.710264429911857
7.643641058747579
4.215850037119525
5.18943533697632
9.31578947368421
10.966666666666667
19.045045045045047
26.69039735099338
323.10714285714283
14.517110266159696
25.104690117252932
3.174404015056462
11.467910447761193
18.910761154855642
5.96994605702543
132.74086378737542
3.1313131313131315
1.4930875576036866
4.594462540716612
1.5810810810810811
2.2052313883299797
4.403339755940912
2.9890909090909092
10.51963993453355
4.28380187416332
2.376559956592512
36.48663393344244
383.02092050209205
1.2844036697247707
18.082901554404145
62.7434554973822
549.8355828220859
