23.391777509068923
4.4432454866154805
7.2937925170068025
8.514798206278027
100.98214285714286
9.944119888239776
9.426687974430683
5.194123819517314
5.12429087158329
54.5472972972973
3.956896551724138
3.4881137957911146
7.027777777777778
6.2429418742586
10.321515298688684
14.365030674846626
274.23766816143495
6.64437152953054
11.818484596169858
80.04366812227074
911.1111111111111
170.71790540540542
12.268370607028753
86.36496350364963
98.4635761589404
11.10179640718563
4.381507098653076
58.204986149584485
12.958048780487806
13.249678249678249
12.166982922201138
11.379507727532914
2.80685618729097
1.984983575786016
19.690557939914164
10.998858447488585
10.37864476386037
64.875
6.990291262135922
14.978354978354979
76.1572700296736
6.114457831325301
15.936374549819927
3.0685441020191284
5.890625
19.025202904741562
5.028083028083028
79.96252465483235
3.075537768884442
17.790297339593113
2.8885920384718142
1.8848819120350728
8.316831683168317
14.68276283618582
3.9060905069751617
12.378846153846155
4.795714285714285
2.690022172949002
72.23996913580247
39.21511358368104
1.8182781456953643
3.673512747875354
47.59553203997648
12.671913835956918
