29.622247972190035
7.9583494022367915
12.167539267015707
11.349062310949789
37.52473326867119
12.09943652635068
10.047738693467336
4.981188118811882
5.5024798512089275
14.93581616481775
5.2538688282977155
6.750334373606776
6.940149625935162
10.804597701149426
34.86012526096033
13.647162340519138
260.7251908396947
13.451684561273602
8.387558097962103
202.89430894308944
15.859932088285229
33.80123796423659
5.687547169811321
14.109608540925267
5.210475266731329
33.82914572864322
4.3717630365377795
9.036863662960796
7.143894689060372
8.001546391752578
21.71969696969697
5.693624161073825
2.641769185705917
2.3805359661495062
8.363885839736554
6.4946481439307675
9.159163987138264
15.986138613861387
13.086661002548853
20.68909952606635
225.99648506151144
14.65989847715736
23.626208378088077
1.7791116446578632
11.872
11.888784165881244
4.05476713971617
110.61778290993071
1.6498800959232613
2.404494382022472
1.7675016056518946
1.4250832408435072
5.566104702750666
2.6440092165898617
2.0371733529628266
2.430972388955582
2.9532006455083377
1.8766290182450043
35.078569040454695
109.39929328621908
1.2868020304568528
2.6222935044105853
53.38461538461539
45.95747266099635
