25.907291666666666
12.707269155206287
11.084286574352799
13.383647798742139
44.023668639053255
8.86493768945773
13.95969423210563
6.381465517241379
6.546842470506593
9.541889483065953
4.984383414108778
9.02405498281787
24.520325203252032
5.64214192424902
14.156556903523974
20.15311004784689
16.754961832061067
23.66857962697274
13.384684281236005
10.68188302425107
33.74475843208751
7.522329246935201
484.7826086956522
4.536820572764465
7.951915852742299
10.329874385581649
5.7865215571368775
3.331175836030205
52.5360824742268
3.838235294117647
3.0732630440659636
3.013136942675159
4.04861693210394
4.002633311389072
3.437521876093805
3.3777777777777778
10.219164118246686
7.726218097447796
15.959080717488789
16.533566433566435
0
0
0
0
16.19655172413793
11.102949158675592
5.115843270868824
33.514236902050115
2.5035335689045937
2.1363146551724137
1.777979157227005
1.5269086357947435
1.7668655346489215
2.1698265429608714
1.4348462664714494
3.026525198938992
2.5655577299412915
1.7379239465570402
26.910212897253935
145.343669250646
1.3608087091757388
4.393530997304582
101.5625
75.42714760322734
