26.14364640883978
5.771523178807947
9.780952380952382
8.856821251688428
83.80457746478874
10.887138355771985
10.004950495049505
4.971927422115714
6.5146886016451235
10.300907911802854
3.821029082774049
13.427439024390244
7.011258955987717
6.1822443598007615
15.005689900426743
7.9916379734382685
17.126485827491617
0
10.735957202904089
18.480109739369
11.983685576566556
12.78896103896104
10.627737226277372
10.942446043165468
7.697940503432494
9.650420168067226
6.427350427350428
5.311643835616438
46.4991452991453
4.401338621715419
3.8207033184744925
3.7899887090703803
2.799747656813266
3.250586029067042
7.150375939849624
4.461711711711712
5.921069657105887
21.111353711790393
13.187319884726225
13.8698224852071
142.8445336008024
13.460869565217392
18.190533253445178
2.0354664610639936
7.976608187134503
12.22415855117034
4.410891089108911
70.76768332251784
2.8642659279778395
3.5283018867924527
1.7454545454545454
1.68944099378882
2.064157399486741
2.6056869652742827
1.396412037037037
3.2552656397359323
2.9955768521931443
1.6472004816375678
27.727314390467463
49.71847030105777
1.46012877662209
6.777153558052435
63.97715591090805
269.91560353287537
