20.94048493754592
5.403979499547784
12.608875985068437
8.635953026196928
73.9171974522293
11.695194206714945
10.337506804572673
5.713443396226415
6.106525157232705
11.623529411764705
4.279238095238095
5.70242656449553
7.267080745341615
6.738988580750408
10.9123006833713
10.0107421875
103.83431952662721
15.333463490823897
7.778656126482214
62.10769230769231
20.225733634311513
0
8.96414342629482
19.130044843049326
115.75342465753425
13.343480466768138
3.5191670610506387
106.65437788018433
6.816082121471343
15.236129032258065
5.6942580164056675
13.089647194910352
2.825285661629193
2.423655913978495
16.43030009680542
8.748466257668712
9.22909636295463
17.915376676986583
11.709585933068633
5.969659696596966
157.185401459854
8.509326845093268
24.42748980780431
3.1390168970814134
4.506849315068493
16.84465290806754
6.649781659388646
91.34042553191489
3.2778057372924008
11.604878048780488
2.5078498293515357
1.8391959798994975
3.507235621521336
10.71911421911422
2.8813819577735127
6.181548878544223
2.206873760740251
3.8585858585858586
86.87298387096774
27.386772486772486
1.6243577545195051
2.9621993127147768
58.95329206527856
25.694413777875912
