41.056806002143624
8.893046357615894
9.544708777686628
9.852053140096618
5850.625
8.550646551724139
8.608163265306123
8.071831708568496
6.22715816005041
11.196381053751995
4.739994157172071
8.399805447470817
9.291118421052632
6.413869420877905
18.535745047372956
16.22733953944145
611.0
9.09842041312272
9.888613861386139
148.36363636363637
22.306935123042507
834.2325581395348
6.370603674540682
15.97804208600183
19.641176470588235
9.661239078633836
5.154996066089693
26.608695652173914
7.042316258351893
12.809859154929578
10.165991902834008
8.652938974166979
2.810982443033246
2.023121387283237
11.794038847957133
8.994797687861272
7.141297756215889
66.61224489795919
11.252058016464131
22.54736842105263
101.69464847848899
9.051724137931034
16.124045801526716
3.0145661811272957
5.14145810663765
15.691788526434197
6.220890410958904
94.92035398230088
3.699495928654517
12.630170316301703
2.6489533011272144
3.0033557046979866
8.013029315960912
3.819188191881919
2.7624113475177303
2.3074215312408333
2.320055904961565
1.807075591753627
28.056338028169016
45.54410080183276
1.2560325916640551
2.51604621309371
58.740286298568506
83.1163708086785
