44.41772151898734
14.539172535211268
12.243291592128802
11.334975369458128
566.5520833333334
15.705801104972375
8.933019361590791
6.456806874717323
9.61646234676007
10.38069116840373
4.447579352356525
11.058986814712005
8.533596837944664
6.178270849273145
18.963196635120926
20.427013930950938
18.97773654916512
27.00860357379219
10.890282131661442
25.772727272727273
14.184554455445545
51.72862453531599
8.831826401446655
17.142857142857142
9.119763013118916
5.57742782152231
7.231038098566935
5.762711864406779
105.7556270096463
5.373677248677248
4.9402366863905325
3.722924187725632
4.02410176299933
4.463225461353303
4.590212765957447
3.732660310338381
6.622641509433962
10.952112676056338
15.083086053412464
10.339229968782519
286.97935779816515
7.667563930013459
35.362385321100916
2.7315175097276265
7.370558375634518
15.170664206642066
5.049
60.23304805793285
3.339454354669465
4.3478260869565215
2.6240208877284594
1.792828685258964
3.520246027678114
2.632814979371628
1.6371871275327772
3.625874125874126
2.8074003795066416
2.0925155925155927
29.248764415156508
59.2639842983317
1.1099020674646354
4.025276461295419
45.19319938176198
150.707015130674
