0
0
0
1.0
12.183333333333334
2.819672131147541
1.7142857142857142
4.923076923076923
15.505494505494505
1.9521531100478469
8.912751677852349
2.0317460317460316
1.1308411214953271
1.905511811023622
2.2
4.440366972477064
13.5
3.874439461883408
4.256756756756757
6.24793388429752
7.8604651162790695
8.569832402234637
5.613636363636363
6.442528735632184
1.7792642140468227
1.6314363143631436
5.4475524475524475
13.356060606060606
3.0347222222222223
6.686411149825784
2.9891696750902526
56.8125
4.460606060606061
2.996168582375479
2.736842105263158
4.677248677248677
4.212
4.821428571428571
3.4183266932270917
1.7035398230088497
4.878504672897196
2.3138297872340425
3.789473684210526
4.819277108433735
4.133333333333334
3.9814814814814814
6.463829787234043
13.861842105263158
25.263157894736842
5.333333333333333
3.6206896551724137
12.864864864864865
17.5
26.76923076923077
1.331360946745562
11.472527472527473
50.142857142857146
3.562962962962963
12.272727272727273
54.411764705882355
2.727272727272727
4.236641221374046
14.147727272727273
196.0212765957447
