0.05887663218956094
0.730182033658447
0.11974973820504937
0.4247792674084745
0.027597449075279983
0.7560764317493142
0.062135441433357856
1.2499713740420206
0.14174987327941538
0.23896359530369063
0.12562687077109402
0.7061763895100207
0.3083832359510814
0.19529608237574048
0.9608650792521102
0.5955071565838238
0.10725898348346782
1.4264979355236989
0.12432394875104076
0.05196309652042358
0.41607200499402014
0.18692568655233874
1.2504058245498635
0.25774473289155075
0.14219604846622125
0.10551049512624472
0.16631221446505015
0.07760661261312267
0.030274849508957626
0.5582919778332615
0.07360656327054298
0.33166586282945515
0.3956396319958294
0.21176726978832866
0.3405283939161357
0.4437097505657462
0.4552730671976226
0.7022330816034432
0.272666796108786
0.45416108944744904
0.8747045443657785
0.3085928604915313
0
1.0501884896961275
0.3035273106048444
0.7463095590368461
0.8176386186752804
1.3891683426956163
0.08434300205458016
0.05698869312623638
0.06712912692554603
0.15695285870838116
0.0551291103672809
0.07235903164257532
0.13464341785968154
0.2034578713669998
0.22937251542636478
0.1942363252539209
1.1887941553080204
1.1572368346055326
0.036754337126940005
0.047974241298364056
1.309513158167196
1.0628049426551025
