0.043312338019653104
0.7001075733283484
0.10856858716619217
0.43380141440093173
0
0.20446358026870828
0.4438376690200784
0.42760521658225853
0.08623075123272579
0.4150973656710923
0.13167808944426643
0.11145650655437825
1.0552813418815505
0.17959713007960712
0.055083637080466756
1.161624056897976
0.06930027316566634
1.3044841408288896
0.09954710005259787
0.0475143564855888
0.34940107668191317
0.10872536979302301
1.1839853445467825
0.14656870564268015
0.09730371377768558
0.08821444761594138
0.11425063802189143
0.06610668088512914
0.0323240021476172
0.8389927897461826
0.04276649052012331
0.5284966018902868
0.21411980352044407
0.12799583957549973
0.40276180863381106
0.4922316789760928
0.06589321650364287
0.013901532979058155
0.06887914899863172
0.14069621193272622
0
0
0
0
0.14572197883471416
0.6889563810185871
0.40844470953158324
1.3461948423160093
0.0724021811467627
0.036459988349738286
0.07435186611936896
0.11722795351357022
0.06335238263216936
0.04917460866460353
0.12932980227987242
0.1557616564325223
0.24792162059709927
0.2096269807816634
1.0844878167305436
1.1473118907885864
0.06773602745106641
0.10240363297563997
1.0515351537147397
1.2996275025810782
