0.04818276304406422
0.7210158076204989
0.12980904132785473
0.5592276220900481
0.08219388778137172
0.2623803647513289
0.2779317347828604
0.5211963848527931
0.1405093758913503
0.8548468305349384
0.2671464650852837
0.08332509015908145
0.49755600342282147
0.18237927195635
1.4124790455520837
0.5672574613352037
0.13878013062213124
0
0.12848551773438677
0.06278481335927708
0.4288452391762336
0.11469309560387399
1.2496857397626213
0.17027616376687574
0.14018569449069582
0.08586792902844335
0.1677865666825678
0.07400424708858645
0.02557388488296511
0.772461724822069
0.044172710000281494
0.4842769438872985
0.21652983278806304
0.1717258846791562
0.47073533258202127
0.7852477544114131
0.0843003994253146
0.04549553095876909
0.1367446480135077
0.24666090381253444
0.01819753652403946
1.236601613887086
0.03986879418701526
0.84467676585218
0.22019303451958133
0.7398432055887052
0.957173511926461
1.431692391850442
0.10721325498742494
0.039429299954426344
0.1831888803010742
0.12480180124208264
0.0622128672115633
0.1868587711376129
0.056748136342027224
0.13387238217344638
0.1551116679238912
0.22063686424172563
1.2804085745263993
1.1870625557171504
0.08230717290580326
0.15794770845214812
1.3457618464347143
1.2506867295024293
