0.07702854337755155
0.6762495351076273
0.1353340509891073
0.8581055944330698
0.04885463880228951
0.25204407637644966
0.14564810973509346
0.5710373154426428
0.3354087096292468
0.8461882328099071
0.5289031097187689
0.3281079022831487
0.3056642560830786
0.16292007721774912
1.1473877567783555
0.5511206423587589
0.014789240662581677
0.6262756961447576
0.11532352890367831
1.4801195401237262
0.013261451265255823
0.631241627203818
0.037139851868167276
1.298140493165541
0.019864810858411214
0.6154575856318238
0.1110018921325912
1.384062568090015
0.10792357382428318
0.08183705399462661
0.1333606675223038
0.10358676653192131
0.03767845750586642
0.20803409714728516
0.413592836220794
0.9690748652689173
0.171802663710288
0.019924281637048433
0.13620707203080154
0.1568676517047638
0.05613953095178402
1.2080253342470753
0.06245579719112833
0.7560856386359043
1.1572114155597024
0.48303441215695225
1.1133724740293367
1.4401771510632944
0.223362073053399
0.40789936336908283
0.27052843835994433
0.18398955564366237
0.2986972284524199
0.0804046349033407
0.49442095950624804
0.07137733323896553
0.09292723449210935
0.11652309581867973
1.16297845234239
0.9548554380125683
0.17594365908132548
0.278008990303116
0.833282215326564
0.990317932989869
