0.05883530217002654
0.6481339593781955
0.14827455629768946
0.5719315109669735
0.05074662939703858
0.19153342461555975
0.15798330922326437
0.394421025527438
0.18334016137866765
0.488806534833153
0.2252235995064701
0.3561623134242889
0.2729988171328203
0.1361143286871122
1.0597512619005682
0.47108712169982536
0.024526196667488752
0.6173655268348179
0.10421269500908234
1.3305587345845868
0.11335577738366374
0
0.12122687081201468
0.03359644752695553
0.02379313798305
0.5970379270547403
0.13084698099484598
1.3901284111429175
0.18088048155951406
0.06023862864450134
0.3189348936750304
0.0668793682343751
0.12189113384152518
0.2147646956905383
0.5150357796856773
0.6946282661767875
0.1316493785882513
0.04242835603419684
0.09378450727118386
0.16225608269119746
0.03937341053147355
1.265702500118447
0.04556568329939837
0.8421695453196594
0.8509789094442446
0.6141587274312714
1.116341657766028
1.4371030179587847
0.23867745014034902
0.02580813458964904
0.18891280041066805
0.13469164738713948
0.44346925019293004
0.05063315967649956
0.2573326225012297
0.06211869891433182
0.13591813603458014
0.19940365455620981
1.2416625391401683
1.1992321594849478
0.14570504442688917
0.13197341651255687
0.7515669820141636
0.9969332187598131
