0.04510242533692809
0.6313532745684597
0.11284627267853149
0.7050894573295411
0.004627309634515197
0.3669814659366292
0.1629693413100242
0.558971830989744
0.17428512368600665
0.4645687476649931
0.17773017110721345
0.10743935721488468
0.8645011139692619
0.23788738622350616
0.18542538009675075
1.0286630868486921
0.008888577821006539
0.6214298351340573
0.0987735247059038
1.491545563572504
0.10098315650245887
0.006854886550290513
0.09876524339079243
0.04151718742220097
0.047778100644692637
0.7302161310473586
0.11936381113050074
1.0280905288546278
0.21761185960255774
0.07601727184953509
0.6180722456526359
0.09176624017248178
0.13657920406712848
0.24140214822641817
0.6892938515472156
0.7666444051558423
0.11951594178325664
0.2690487110983407
0.1243122532901208
0.20116591843715087
0.05348979228505554
1.1948125793346824
0.06228074987641304
0.807652687916447
0.5622904077247568
0.6707899555294061
1.114832968310452
1.4457850494509836
0.12080928187761027
0.02977940720377083
0.12083568221231902
0.07428105875256608
0.5335504204502716
0.07332597557073665
0.10574465696934857
0.17225707116633596
0.16863700834550624
0.08415221627040873
1.093437586782938
1.2169280740079014
0.06770126921570106
0.12894314493478956
1.1617183894474783
1.089673234816688
