0.045195165114315955
0.6457299284290516
0.12135024485102272
1.0284446012173496
0.05204658094555856
0.3050137623829091
0.21516372428299485
0.5714328378508476
0.2102581180464415
0.562152983819731
0.1919481184445036
0.2608303536174955
0.5725005118629407
0.238042341226166
1.3739346675450383
0.5653994043643502
0.02083055477827143
0.673452658392147
0.16097056891706799
1.473532298595787
0.15691174481010428
0.007312077428108567
0.17582303705403543
0.05051343014735342
0.17714039542667345
1.433076577126508
0.4077420206064574
0.023933472806995957
0.3449260908788578
0.08631999158526696
1.0746175759016592
0.11351457467617634
0.13394813866533142
0.24965645790890428
0.6445019318838296
0.786995817628081
0.138596208290205
0.09830196579882468
0.1896381831271783
0.3448736706183661
0.07239647519281098
1.0280083683235999
0.07806733369663657
0.9872518308187226
0.8835787683025506
0.6767130562905287
1.348923688157061
1.492301676022234
0.3162295817423037
0.06483929560360908
0.058903962074481876
0.10273495369932722
0.3989711494563922
0.11688275101246422
0.14040386248852818
0.12101487714537318
0.06035172178675682
0.07787515076264481
1.098271553722502
1.3552080334063725
0.164781536804864
0.1750241986295419
1.0025237857298905
0.9443787732364938
