61.38954033403479
83.5866958571339
71.3504612459486
84.59039505552661
72.21086997105249
81.08971914886799
84.28940686250037
83.87749633851264
73.44292862436335
83.91620762126317
78.46537934635528
43.78112476486871
83.8844964337146
86.73880956631099
75.60640703150948
84.23486544202764
52.54942176826328
78.3940374806655
73.94578033722426
45.00000000000001
82.97432603878453
71.76750891929619
82.06040660133849
78.3885135761115
83.5545819637403
63.81188930251915
85.58659211016858
78.43986920578224
60.751173663453024
80.75388725443676
83.26398878588066
84.50767544287257
79.88795968908738
77.66091272167381
59.808377039042405
70.04428151593423
72.83182756481801
61.38954033403479
76.97692032939501
58.616808943640976
33.690067525979785
19.573125830410184
19.855214369321065
45.00000000000001
51.7889745744388
83.02507048400386
41.68221883166517
77.88615705443564
86.7754773934801
87.436229788535
86.3380644244802
87.46323826184002
87.48312434306048
88.61964592655556
87.19362974821176
87.91398980808513
82.94215335011893
84.24859790963401
25.110452799765877
22.701416429485803
88.24659513992847
89.66753305735396
15.965627460644528
59.44805394312041
55.840305454330576
80.53767779197439
69.37012005387383
80.4399035191137
45.0
83.010114955999
58.3924977537511
82.09839405965754
66.2796044276954
83.47335123839555
77.19573393471326
83.56195048500157
83.31068460236594
86.34777721969367
80.34621391146345
85.16041242370243
45.725224299059256
77.16439051359856
70.90650799951439
42.13759477388825
83.57652956344344
40.78582147726596
79.54991739233458
68.27894919800269
81.06940989958102
61.18920625702693
83.9229602971047
77.27564431457763
55.619655276155136
76.88656177014332
84.87180895814716
83.89722034634423
76.04549082686316
76.13031356149497
72.85965069524227
76.0542711163528
80.05570573681408
85.97173633351487
48.23970029610213
58.257238846581096
54.56219853832063
41.63353933657021
82.9834982552771
15.945395900922858
51.84277341263095
81.88494775831981
49.028263666485145
78.59672160088985
86.48932156973271
84.92039213998542
87.31022967684953
86.7754773934801
87.57072667650003
88.15980474360722
86.44381890574489
87.59868074402746
85.2057679333694
85.41202187592752
19.03032717957455
17.49722167003046
86.5106750942036
89.39307588470781
14.869456680648497
46.50743575877497
60.52411099675425
78.81120007174819
70.2239233973608
78.74356497029612
66.87620811163073
80.9982448774387
84.57477363157967
83.46103791703861
77.59258147259925
75.96375653207353
82.38528805796898
64.91640599380908
84.1273717189332
87.35237033470777
73.96005669395034
83.70605181104892
55.00797980144134
80.16096261399898
50.55994726330953
74.58340245862907
76.6863676878566
84.73760460040488
84.04754056203248
78.58901687323461
59.03624346792648
86.39557946082431
68.55226367289465
86.82016988013577
83.10257244224826
79.49493613008265
84.19937585628303
81.98674815585844
80.47271661854764
76.6075022462489
75.21727395738434
80.58737056313386
82.83276127148024
61.18920625702693
81.39352648021114
71.37842063351242
34.38034472384487
21.80140948635181
40.030259271889705
55.713123022791045
57.68038349181982
83.88836463378387
42.93988897627688
77.9599797389252
87.18715143978889
83.07278187399083
87.69917498519068
86.69178646612797
86.83770224786062
86.76029970389789
87.38557040340456
87.55863527480795
84.44005273669048
87.25191181994624
33.94358701975181
46.89512482169309
86.18592516570965
88.4965189471487
27.74972857721177
60.13213725213866
