55.840305454330576
80.53767779197439
69.37012005387383
80.4399035191137
45.0
83.010114955999
58.3924977537511
82.09839405965754
66.2796044276954
83.47335123839555
77.19573393471326
83.56195048500157
83.31068460236594
86.34777721969367
80.34621391146345
85.16041242370243
45.725224299059256
77.16439051359856
70.90650799951439
42.13759477388825
83.57652956344344
40.78582147726596
79.54991739233458
68.27894919800269
81.06940989958102
61.18920625702693
83.9229602971047
77.27564431457763
55.619655276155136
76.88656177014332
84.87180895814716
83.89722034634423
76.04549082686316
76.13031356149497
72.85965069524227
76.0542711163528
80.05570573681408
85.97173633351487
48.23970029610213
58.257238846581096
54.56219853832063
41.63353933657021
82.9834982552771
15.945395900922858
51.84277341263095
81.88494775831981
49.028263666485145
78.59672160088985
86.48932156973271
84.92039213998542
87.31022967684953
86.7754773934801
87.57072667650003
88.15980474360722
86.44381890574489
87.59868074402746
85.2057679333694
85.41202187592752
19.03032717957455
17.49722167003046
86.5106750942036
89.39307588470781
14.869456680648497
46.50743575877497
