61.82140989004083
82.29771573373378
70.62586023134241
82.69424046668918
74.3778997372891
82.60831639004716
87.46923698236459
85.09393301435222
79.8244891569568
73.7150775281166
81.07869834555834
66.21796957677863
86.38069111251903
86.78676775828062
39.47245984834382
81.80056031037422
50.1944289077348
78.11134196037202
72.93259518153562
49.899092453787766
84.26831897993654
62.10272896905237
82.45271828998521
77.04241990590687
81.91373526507346
65.77225468204583
84.97092641821456
79.6409475119163
54.16234704572172
75.50613224172385
76.17134902771984
83.87091923503198
80.77917595936209
79.35078034075505
73.65711745655814
78.09573428450827
67.12633480937329
54.46232220802562
75.03328043599514
45.725224299059256
69.19320898728877
69.31930861118292
68.86017519134235
68.98791985595881
50.1944289077348
82.35271581978732
61.85839876773828
80.25535304748082
85.85537625889572
85.8150838748816
86.82016988013577
87.15786211634433
87.17287542183873
88.06216023455889
86.71075732150818
87.90706569471186
84.7691928244468
85.12072621699328
25.775419679553718
30.633957152691078
87.99044618697886
88.75913022486921
30.490248473338603
52.438676242034575
