56.88865803962798
82.16831046583891
68.07822140604085
83.54507917332273
88.28164199834454
83.418055344822
84.9693248590392
85.4728289869327
74.95360816780149
82.53480914387858
72.89727103094764
45.0
84.53615718676336
86.30861401354873
74.44112918171867
84.58813084768298
53.408911732600714
74.50801447199197
78.05582281155367
48.65222278030633
85.0302592718897
56.02345596374314
82.11446487396735
75.3026807204881
81.91212002546199
67.2034785320574
84.78413608409458
79.47221388003645
57.724355685422374
79.47489212897167
73.03385189146381
83.70064629386953
82.45057823173673
83.24642596446901
54.46232220802562
67.31944039297508
77.21654605857564
60.94539590092286
72.57456395969437
48.503531644784466
42.510447078000844
23.62937773065681
23.749494492866766
45.0
55.92280471986926
83.30164646286056
41.33221194446857
78.06580407494141
86.04244688587215
85.0302592718897
85.63172256541161
85.99219545762767
86.71075732150818
87.61405596961119
87.42342816973118
87.65738799350174
84.20078237090158
86.10629244490286
28.9073833124363
24.59668050720894
85.60129464500447
88.41326506322031
23.05130091647302
49.212680750488005
