60.52411099675425
76.9543629370514
70.38212059188172
77.96940390346214
73.61045966596522
74.18080605249986
84.15107835407105
79.95065141187513
75.17352002964434
78.09169993868244
79.59228868750995
59.42077312751099
85.17314121887703
85.65676004831062
73.98221528160757
80.93156113409012
61.44037952168017
45.0
78.11134196037203
61.38954033403479
83.26276642376376
52.94347181059042
77.47119229084849
72.96223220437436
83.17467353552442
77.87290896506991
87.00686799402094
82.66139366376377
86.21735455340371
82.59308787150478
86.00908690157023
83.418055344822
76.45682335755525
82.79394299861673
63.77297309885955
66.71393508177644
82.31447285161838
83.59755281370805
75.2426806741146
74.56247582346808
33.023867555796656
17.904447506248186
29.054604099077153
56.976132444203365
54.74364128703716
81.11214830878028
42.27368900609374
73.8201258096987
86.51672853100233
87.52579553182956
85.72415888737106
87.09618113490373
87.7245435617458
89.20898427060581
86.91518766950242
88.99137568933976
85.1147974318827
84.5829778861434
18.025700214887067
9.854454500293938
87.53188208617146
89.37724431279368
21.34578664908977
45.19334835328695
