59.62087398863166
81.30721888303648
71.40455921724337
82.25528945357709
87.3698873366424
63.78862198216847
85.19204603696954
79.19560540246076
78.9828883812108
80.79740302797835
81.66002393427647
61.63095370672142
85.92887380634063
84.72610404264823
75.09424147644502
79.58397169242929
54.46232220802562
82.97603430384338
58.6097318958122
79.32211732568597
85.71084667118099
56.88865803962798
84.88268515002737
75.84236735032275
80.40686573726967
49.76364169072618
83.72270151040246
74.60445074600491
82.95423087513251
79.8753283446022
86.30861401354873
84.50183727501901
80.96892820355937
84.61068824002659
63.94650468950906
70.17753542963479
84.86955295234004
85.34449257198638
76.79207153722089
80.86115088030732
24.443954780416547
21.801409486351798
15.524110996754272
22.380135051959567
53.880659150520245
80.97687028710934
56.032473240897694
78.24021697342653
84.24173983563324
88.11181199325907
86.8849352400945
87.76520114126113
87.6888685472386
88.13434760816749
86.9059419410829
87.89307870931187
85.47523152716582
86.42366562500266
26.13641244437588
27.111359097718786
87.5940294833547
89.19307054489762
19.17262196035422
53.54456683321803
