57.804266065286754
76.6075022462489
67.59016262850673
78.95264946173556
87.85509319626772
81.15818543980832
85.25276603491726
84.0428688852918
66.89367314172843
83.55536837794223
72.19812794850912
66.69510946079689
83.6317358508915
84.63776746673169
77.07052903505634
81.63886752894854
52.05784664988107
73.1265293453246
77.87898454741425
45.00000000000001
82.32378524643944
47.77916686407208
78.12129951666961
73.54802331634622
83.7111485445726
63.81188930251915
85.5299425280753
75.46554491945989
59.93141717813756
80.77365578022383
81.59108826739929
83.6598082540901
80.66500153686177
82.37892869070296
56.309932474020215
61.85180015213771
69.27444113443946
76.7920715372209
63.924644416051244
42.35745470593528
40.10090754621224
16.927513064147053
40.60129464500447
41.633539336570195
53.343891584033095
81.85372610252152
34.04593735660167
73.3481232978019
86.48932156973271
87.1553443952266
86.53177074108285
87.08916217383225
86.96952315413941
88.23760897633949
86.85504253530198
88.13047511296158
84.36405930170655
84.96806577717079
22.630598514702623
20.492594769870294
87.05355261998768
88.88217541761388
17.425436040305613
46.163553582908
