52.12501634890181
76.7594800848128
66.14952609192306
79.13594007791228
89.20057588668246
77.9952244422789
82.0644496299112
82.21071452203832
69.59011716619602
82.90159571584178
73.97970769792879
58.49573328079582
81.22726270247058
85.05592558920219
75.8830583044304
83.07888236156501
52.853313301978226
79.2943150895277
72.34987578006988
46.8476102659946
82.5868042912507
55.92280471986926
81.2538377374448
76.63603599862759
81.51839420597068
61.69924423399363
85.7918401522163
78.69006752597979
89.10482628978893
81.01574444685998
86.85190390043724
86.38811499077701
74.89890183861456
82.23483398157467
67.22503045111357
68.71359488634091
81.23241875544701
83.09644608027497
59.53445508054013
50.1944289077348
39.28940686250036
20.556045219583478
46.97493401088199
38.65980825409008
56.976132444203365
83.09833226793624
28.97413255155024
73.23851642726704
87.5690916629596
84.68545433005525
86.3670492605118
86.9059419410829
87.17287542183873
88.77132447198639
86.78451600825179
88.3251620094708
81.86989764584403
86.72232404780974
23.42464249208927
28.736362967992807
88.94235191075258
89.06692647678155
40.36069534358359
42.48618976382227
