56.309932474020215
81.02737338510362
67.04591346237152
82.39103268682871
89.02235121497016
54.56668598971442
84.75653049410131
75.06858282186245
73.673146489435
79.12647960474496
78.3262896871152
51.54629078329404
85.8204301265702
82.8749836510982
75.96375653207353
76.64287728570112
86.16632346291192
82.31232730388349
42.10873040377944
76.17794536426831
76.68821671420615
61.84380855172743
80.32457013676783
70.70995378081128
82.93526324959738
50.96448710125312
85.9780098229799
82.14668669802178
84.7047870633829
84.69129964522709
83.83852189632938
84.70991879462873
77.51453250914285
82.13597520450045
64.29004621918874
61.546760816181084
81.91736721204416
83.02900419277056
45.0
77.22581572028301
60.130200777047996
60.130200777047996
59.83993916191291
59.83993916191291
47.93567344642118
74.93151184050778
56.04094018032373
72.04052390952586
83.73650938566547
81.57303097851933
84.40066066347944
81.3843518158359
86.21735455340371
89.01378508574037
85.1147974318827
89.25506139356105
77.47119229084849
83.3455749539934
15.637449021105635
19.60562910557902
85.91438322002513
89.69876313571524
7.080474419927416
63.36177417622765
