61.38954033403479
83.5866958571339
71.3504612459486
84.59039505552661
72.21086997105249
81.08971914886799
84.28940686250037
83.87749633851264
73.44292862436335
83.91620762126317
78.46537934635528
43.78112476486871
83.8844964337146
86.73880956631099
75.60640703150948
84.23486544202764
52.54942176826328
78.3940374806655
73.94578033722426
45.00000000000001
82.97432603878453
71.76750891929619
82.06040660133849
78.3885135761115
83.5545819637403
63.81188930251915
85.58659211016858
78.43986920578224
60.751173663453024
80.75388725443676
83.26398878588066
84.50767544287257
79.88795968908738
77.66091272167381
59.808377039042405
70.04428151593423
72.83182756481801
61.38954033403479
76.97692032939501
58.616808943640976
33.690067525979785
19.573125830410184
19.855214369321065
45.00000000000001
51.7889745744388
83.02507048400386
41.68221883166517
77.88615705443564
86.7754773934801
87.436229788535
86.3380644244802
87.46323826184002
87.48312434306048
88.61964592655556
87.19362974821176
87.91398980808513
82.94215335011893
84.24859790963401
25.110452799765877
22.701416429485803
88.24659513992847
89.66753305735396
15.965627460644528
59.44805394312041
