60.52411099675425
78.81120007174819
70.2239233973608
78.74356497029612
66.87620811163073
80.9982448774387
84.57477363157967
83.46103791703861
77.59258147259925
75.96375653207353
82.38528805796898
64.91640599380908
84.1273717189332
87.35237033470777
73.96005669395034
83.70605181104892
55.00797980144134
80.16096261399898
50.55994726330953
74.58340245862907
76.6863676878566
84.73760460040488
84.04754056203248
78.58901687323461
59.03624346792648
86.39557946082431
68.55226367289465
86.82016988013577
83.10257244224826
79.49493613008265
84.19937585628303
81.98674815585844
80.47271661854764
76.6075022462489
75.21727395738434
80.58737056313386
82.83276127148024
61.18920625702693
81.39352648021114
71.37842063351242
34.38034472384487
21.80140948635181
40.030259271889705
55.713123022791045
57.68038349181982
83.88836463378387
42.93988897627688
77.9599797389252
87.18715143978889
83.07278187399083
87.69917498519068
86.69178646612797
86.83770224786062
86.76029970389789
87.38557040340456
87.55863527480795
84.44005273669048
87.25191181994624
33.94358701975181
46.89512482169309
86.18592516570965
88.4965189471487
27.74972857721177
60.13213725213866
