57.52880770915152
76.80938928779315
67.16634582208245
77.94081931053815
89.13847426543275
67.50352849976743
82.90748267172692
77.78068707678065
69.62356478616361
81.67975748263055
79.42647658143909
62.592424562181606
83.99099404250548
84.86883471710368
70.3674044624696
78.11134196037202
51.34019174590991
80.2420365586522
56.50481532625882
75.892448815918
83.6598082540901
64.02560603756869
85.95197064925779
75.52970589993411
77.17865620660109
51.709836807756936
84.28940686250037
66.03751102542182
85.28524548129506
80.1806993612421
87.65586752593016
81.2538377374448
82.45507096124317
83.31309067381764
51.10005996032165
57.23150092123018
75.41108126712537
80.47774499007478
59.47029410006589
48.3664606634298
40.030259271889705
26.00334584451145
53.74616226255522
40.060784457873794
55.713123022791045
82.71104767638988
26.245857936003446
70.03312227798129
85.47523152716582
88.04193257076595
86.02750405924934
86.97130142165942
87.93449008069682
87.88601490769734
87.51044707800085
87.71768047669488
84.93057986738751
86.16040366204653
25.91888557104642
20.41255496231212
86.58341180822866
88.63607246839707
20.20088128671604
39.310868634319576
