53.53076560994813
78.98952009299643
66.80140948635182
81.4931824678686
86.40874096279447
83.11357266856801
85.2704730891144
85.07656262330379
76.39026810418781
80.49564127749699
79.59228868750995
62.9044475062482
83.92196301625272
85.40574666873361
76.79891282429442
85.78582147726596
57.9946167919165
82.98911851907908
61.032339353935974
79.82055751766336
81.91736721204416
52.00126755749534
84.06847307508025
73.96766064606403
76.34235749418785
47.29061004263853
83.58915997976756
64.5366549381284
85.7065692707027
80.69794528870118
86.0131051201984
83.32553095288243
83.15722658736907
84.64417495714481
58.55376409773166
65.20511588284097
66.37062226934319
64.29004621918874
75.04136392627913
51.15916302914308
51.34019174590991
27.699472808055003
40.36453657309736
39.80557109226519
57.804266065286754
83.89994003967836
35.10607933026459
75.7779581415501
86.93351449887412
86.94130242590418
86.63353933657021
86.52008249573029
88.13737905069333
87.80676542362446
87.6015786659075
88.02506598911803
84.8055710922652
87.13759477388825
26.635094882420802
32.78629960237429
87.48312434306048
88.04749095060039
21.39588495708575
37.601639338508456
