57.99461679191651
73.7747246388218
73.61045966596522
79.25227390162796
86.7178154801609
79.8018991543766
84.47245984834383
82.8749836510982
66.74077905447172
73.54802331634622
78.4193808177719
80.33133133891637
84.46536263798585
86.17487060680513
63.70520992941615
80.1575006034844
56.30993247402022
81.86989764584403
53.13010235415599
76.99266494424953
77.04241990590687
67.38013505195957
83.76291992354152
64.5366549381284
54.090276920822326
84.93159639885275
73.10135130596177
42.70938995736147
82.60831639004716
77.24246783912332
82.64762064010765
81.20626964583077
85.72053646975478
86.82016988013577
44.48844413341297
67.90210788431128
73.51124629410876
62.44718842328219
78.44677480771493
50.93741609948152
33.690067525979785
25.371561753095957
59.03624346792648
42.22083313592791
37.20792192178156
85.68585832634241
16.460014812040033
73.39451551192533
83.74966042221952
57.42594286542748
82.69424046668918
85.87240829748828
86.66026726785164
83.06565109873044
87.58388971431869
87.827753195222
85.60129464500447
86.91351073621894
42.28291686549423
29.271046920855888
86.40328292237155
87.58534347914922
32.577667909681985
46.11601039140727
