53.84181456019167
75.66456458047989
66.96056402009647
77.38067770656923
88.12212255271464
79.76895655548176
83.33334010909863
82.7345531001609
69.44395478041653
78.5815529218009
76.90810693565317
53.3102771675242
82.93327028359893
85.26656166942452
48.09405805891712
77.86153072127381
39.80557109226519
77.86095348616655
49.55376797915863
71.78085346926589
74.67308211207784
66.64443514071401
81.75747964848112
72.64597536373867
52.94347181059042
79.94566440000565
75.39872771416607
46.00508600525418
83.50320167158283
77.39139320663377
78.65658080886158
77.37643640229739
75.59331484356314
82.17092348994039
45.88140399658213
56.017111618789215
82.05652818940959
84.76822863860424
70.08937386892862
82.44224430022996
34.99202019855866
19.249525872681712
32.47119229084848
55.713123022791045
53.44752724790846
82.53480914387858
40.71084667118098
76.81854280370469
82.05652818940959
85.91438322002513
84.55966796899449
86.31937782696956
86.82016988013577
86.69813432556501
86.08586278138758
87.38831862210161
84.73230287195577
86.24827092947402
22.49261189905868
22.86598813583555
86.8588701643639
88.172031755695
25.890352871223982
42.28801653255506
