57.652556500557964
79.28687697720896
70.44800482675943
81.14204123637165
49.398705354995535
73.94001269283936
61.38954033403479
74.80475147318012
73.81079374297306
80.07903910682835
78.19293657840144
41.98721249581665
83.30461722309515
82.61395684873273
74.4644800469025
83.20680878003505
49.398705354995535
80.74559313470414
55.840305454330576
77.38945799605887
61.22019369560279
83.45370921670597
78.76305574065523
72.97947438848014
57.42594286542748
84.95754893082909
79.13594007791228
87.66549356333515
82.12881806316898
79.69515353123397
84.01333593239009
78.53604698430745
78.92979742206063
83.48898055659936
59.91349544599977
62.36839528544908
83.6598082540901
84.02843410220356
49.899092453787766
75.59136580864492
18.434948822922017
15.945395900922858
5.710593137499633
6.911227119024662
54.86580694308437
80.48205083905124
61.83747262567639
80.14691979582518
87.49837718571824
86.76029970389789
86.88915934650923
86.89833597013154
86.78050510314718
88.43302904295146
87.13759477388825
88.76991155224265
86.18592516570965
88.18489612987835
21.644435140714005
29.583938519363816
86.2194314656989
87.03906386583625
8.577716525016552
27.434985312707024
