59.03624346792648
78.46537934635528
68.19859051364818
78.44542435212057
88.27177234950145
80.02007885425544
81.7841255848969
83.49104355949743
68.19859051364818
75.25643716352927
79.61114218453038
82.77568430595467
81.43548135742442
85.4668503563332
71.7452259904462
86.22057637376992
49.398705354995535
83.53187530670175
54.03948280335512
79.29075014556061
75.73548770192009
80.90972307917768
82.63740748878746
66.13982480865766
59.65675111576043
84.35945056784317
76.66075109663659
54.78240703180729
85.81914827010164
77.79953127261922
84.8055710922652
80.65997382719468
85.6617332085718
86.4049903389909
56.87626440375961
68.15200858934797
81.31747611873178
64.91640599380908
81.4805778425889
58.0552472237966
39.95754893082909
29.10985555689108
57.46493284206499
42.08916217383224
45.80692945510237
86.25983782256807
14.331073350285065
72.58031314874913
86.24827092947402
83.3455749539934
85.96658892722981
85.99219545762767
86.97275481772
85.96819890192629
87.37091811436134
87.27368900609373
85.04972776570827
86.06710372776946
29.11986122292472
44.32140151773207
86.36181342213533
87.45005098703982
22.919554832466623
30.5406048496815
