61.69924423399363
81.65610841596691
70.42687416958981
82.47149891603947
89.24115987573146
82.26954466766331
85.19439875653102
84.69036525654644
76.0922221901453
84.41275603579565
73.97970769792879
67.03622694014545
85.10090754621224
86.81086408526663
77.04040507383986
84.83017211244214
53.9726266148964
77.21654605857564
72.95606606368433
49.899092453787766
79.5187818558691
54.293308599397115
81.54215625187656
72.25532837494306
84.9016081788477
64.69862137458027
85.64137095894883
75.06858282186245
79.8753283446022
80.20617264155243
82.3718503314193
84.38241940987318
79.91940201245768
79.07719528013075
71.68618372284641
75.8219355852931
77.15229514128234
60.64224645720873
77.03549133958076
68.36911316348207
32.7352262721076
20.854458039578343
18.970407808486552
46.97493401088199
52.59464336859145
82.49265333305034
46.59114027119459
77.5562165719922
87.64670313389169
84.35945056784317
86.9059419410829
86.63353933657021
87.90793372051985
87.9833761253769
87.18444331578877
87.69093721097431
83.93821121127137
86.79281453272132
31.316926612807222
34.58397169242929
87.81419919322441
89.30469700352967
21.71393508177643
55.29263769428363
