63.43494882292201
83.4108781208193
69.61083521971831
81.98018774930182
34.38034472384487
65.14476286706353
68.85390582059232
68.57132731534975
67.80454047132105
30.76271953423892
78.5304696671331
51.84277341263095
38.9275435927923
83.40939123185113
88.68140415717143
79.93931020467704
51.34019174590991
71.33308572577978
37.62623363866979
72.06653315895956
88.08171967485318
78.69006752597979
88.17756731236712
85.79101507582979
50.1944289077348
85.44484783077297
66.80140948635182
86.25561591441539
85.07590720766747
83.8113840367584
86.68221883166515
86.92960565868962
81.28526712513884
82.37892869070296
81.49542075912119
85.26092768148702
86.7964890468022
86.82016988013577
82.44365594356054
86.09950625761812
85.42607874009914
87.42664053682319
51.05695220530955
45.739259355407846
47.5448043798131
78.9739084145874
66.93848046770647
38.884496433714595
73.0446869479748
85.55737301350584
78.584160475593
85.8150838748816
85.78090465075155
84.61507973074484
84.73034691730822
83.59564727361585
81.78079075110094
83.01329546333307
74.34421804115007
76.7257502342079
87.53718332408316
89.58631924978064
44.11859600341787
76.28342923803083
