43.36342295838328
83.8588893831232
61.38954033403479
84.2198098368905
75.78880813070255
85.04674252215794
79.58617452901079
83.91364865441717
46.00508600525418
84.4316581607328
63.81188930251915
85.3800765183396
74.40718906073366
84.94522372389606
79.85084820103174
86.00195790079663
60.300845572449994
37.99873244250467
77.98852161363456
49.72013693104356
78.12615089762642
54.61456927090096
78.21311055585937
74.09861006547257
81.90791740105537
79.16695360802932
80.58582549451752
81.86989764584403
82.80076636163236
81.94817051998298
75.25643716352927
79.95797636447048
69.98404039711733
77.22875743509856
67.9321004375898
67.25696265944964
80.57825553272072
80.86591227603765
57.54680826762717
75.60766553260783
50.1944289077348
89.49917552216753
0.657284123363098
47.6072962171559
41.34777721969367
75.5905804400632
40.60129464500447
71.36931233066997
85.3800765183396
82.8749836510982
85.72415888737106
82.9834982552771
88.4811496025648
88.99491399474583
88.14574828515222
88.74859219340775
83.48019824834302
83.8844964337146
10.022067772515452
11.65189996772087
88.40885972880542
89.57028971059897
11.127945432730325
28.626931858950705
