65.92450174492117
87.72883642550708
75.352624727637
83.9275435927923
88.34190099278403
81.4391104288354
85.5299425280753
83.6317358508915
79.61819484076177
40.030259271889705
80.77917595936209
63.43494882292201
82.12881806316898
83.96999119171855
83.15722658736907
84.78198287642492
37.69424046668917
80.97627511140519
55.49147701233161
81.13537661158921
86.38611924799636
72.12130340415867
82.8517116054596
82.09283729704154
82.35959323897325
79.85445556610367
84.11755440990467
84.89783474764181
83.6598082540901
86.42366562500266
83.57652956344344
85.7161814737273
81.2538377374448
79.09873234696992
80.41705527646744
80.47271661854764
84.05848020624724
84.06847307508025
81.09325581622025
82.06724168582795
83.6598082540901
87.62815781021078
35.59077859188984
59.65135857182217
43.31531568210371
73.93011590928168
50.9061411137705
69.88219897568774
84.97092641821456
83.03174325862146
84.7691928244468
83.35472178972557
86.63353933657021
88.86182299251182
84.32697786007468
87.00153286030555
79.61114218453038
77.66091272167381
22.403655485578053
8.249344178906247
78.05582281155367
89.17077688146627
10.877964253816597
69.06386144401826
