45.0
79.00622741676264
70.3461759419467
83.33334010909863
52.1250163489018
64.2692943984688
78.25001642822333
70.9533757023642
36.86989764584401
85.7895015966978
55.713123022791045
84.26791960323652
68.57470620191262
79.39738689452405
75.96375653207352
82.76652040250137
33.690067525979785
75.39872771416607
47.626405638290755
69.33760542781685
89.12129927208834
51.63251461513846
84.82067675485037
72.68106156848526
75.86393820185293
38.41805534482199
81.61675151907065
58.57043438516149
82.03038960567865
73.5513918729602
85.55485117002675
82.4270513594566
81.8174770021786
82.55628359088298
82.01513378474343
77.78068707678065
80.86982351772131
81.90447566187126
76.6075022462489
77.30345104838725
72.89727103094764
89.29268063145574
2.2578039886723724
68.8844931344998
56.63363399894044
76.56897112931834
53.035710710534794
73.97838760992788
86.04244688587215
85.76360520094116
83.25442035251719
86.26049663706894
87.18862640547347
86.18592516570965
85.23635830927383
86.85504253530198
83.55839990066497
85.98041751216253
26.816346844286937
23.454210523587207
86.29157184286956
88.15238973400541
19.57023487832056
29.760700120260083
