40.236358309273825
65.7309554728266
53.20721641191815
54.46232220802562
85.04556876504923
52.12501634890181
85.65254309244033
66.54097591853845
73.55441555650337
70.95876926156065
80.1806993612421
71.72736173301467
79.38034472384487
56.30993247402022
82.05159612610827
76.26373169437744
73.24425107080101
69.25391972431659
38.32011393677745
88.94397619400246
51.34019174590991
81.52885536698517
51.84277341263095
79.64667995607056
36.86989764584401
84.62029840087459
59.03624346792648
83.90178805217651
53.13010235415599
72.47443162627712
70.94229548987167
32.7352262721076
88.16925135197451
89.1107799227743
36.55247275209154
76.37973987760469
69.09201952899035
56.003540851749506
47.89126959622057
47.60256220249981
79.85445556610367
79.85445556610367
79.85445556610367
79.85445556610367
56.72511201516508
37.61395684873272
68.4286928087454
53.781162734385475
79.50852298766841
82.00513526923672
79.99202019855866
83.79017385281374
85.79464299829141
82.01513378474343
83.8113840367584
86.1700140915524
85.15015609821718
84.28940686250037
35.700758317936604
35.48205083905125
82.14668669802178
85.9464457681686
35.412166975181364
47.055888785004676
