79.11447294534128
76.96326428929471
79.43898930880363
88.16085917659161
58.81502534126161
80.90972307917768
68.74949449286676
79.67031791098056
83.6598082540901
79.8592068538872
85.07289005235099
82.17092348994039
79.99202019855866
85.19204603696954
70.90650799951439
51.34019174590991
29.248826336546966
80.07375449334829
67.54306100005788
84.71875937155488
81.33586456689194
75.88674612211354
81.51442923732449
83.30362238380032
85.16110119907671
84.12260739335687
82.35959323897325
81.15818543980832
85.26092768148702
85.1147974318827
84.51384357499569
86.25235502523395
82.30394827798344
73.96766064606403
80.71995431229031
79.89070150750483
81.04186763713773
77.21654605857564
85.84871473357832
84.71875937155488
83.53406790106047
84.69267315066882
58.98893069625842
68.16160163595075
51.74557964748282
82.39313222802821
43.60281897270362
80.17094467439807
87.03906386583625
87.25920940581743
86.25383795039637
86.36181342213533
86.71911922739059
87.82525588538995
86.63353933657021
87.7974018382342
85.11159905187525
84.68545433005525
54.79089655308359
14.172337700131976
86.3380644244802
88.58751356916409
32.7775839131192
65.74021305270097
