64.13364320590549
85.65913993530874
79.2157021324374
84.86362150757228
86.68905848538856
86.76350685640016
83.94580810588516
86.8289602727506
80.62293930569564
58.172553423326896
82.2164404735346
70.94229548987167
72.12130340415867
45.0
80.23822522495776
57.9946167919165
55.37584492005106
74.11986122292473
73.59143084583685
45.0
80.53767779197439
71.22868060216787
76.614816912303
77.92233083763577
84.98014635798044
79.17698877379291
80.60453398043312
83.42944162835911
79.69515353123397
82.71971091600629
82.63740748878746
82.4605548604907
73.33652091711207
47.23117460803125
83.89390615271574
76.4140087921111
74.40718906073366
66.70543674610558
73.86715946951462
52.666804261814185
83.1909498203866
86.02750405924934
37.14668669802179
46.71968003906986
69.77514056883192
81.77793018146788
50.29008120537127
79.94485209718422
86.48624973939503
85.13548556223948
86.45523354440512
84.12260739335687
87.8524145717015
88.78481721698148
86.06982445427452
87.33011023799237
78.88695946405171
83.29016319224307
18.488646819864567
32.828541791412526
87.87890360333854
88.24659513992847
13.32055432155477
15.3356656689929
