50.59933933652057
45.66619997018314
55.89872580575287
52.099919644631626
42.87890360333854
44.28384005452959
62.42543604030562
58.57043438516149
51.34019174590991
71.14299045398087
73.4126614430726
70.06746343806049
72.4233507071095
78.39710407724857
62.38376807337827
76.18992290810108
30.57922687248901
74.11130450561781
34.077195280130745
68.06829902814181
75.22183826706265
86.92666748892665
82.4409330189588
76.20051460398064
35.94211187138234
77.13289585998093
64.8321298502184
79.62415507994895
76.40905155215867
79.169920456593
78.15792388467223
80.30638120724919
79.28687697720896
76.04355561628824
62.30673139111004
63.008172511018
61.69924423399363
79.8343051204573
40.08343399398998
77.038598149008
56.30993247402022
56.30993247402022
56.30993247402022
56.30993247402022
43.31531568210371
71.61151976341263
41.06521794363055
68.12986310217303
80.3112134396332
81.06043499684847
77.38067770656923
81.29504289360106
64.25929164376716
83.18423166605108
85.62364961051586
84.59620863975029
81.32183111475923
81.22923671726784
33.423205089104385
13.448615051686499
83.36748538486154
85.35796218649247
18.434948822922035
21.492644380954527
