59.96671956400486
76.30556175096916
62.16191880286531
80.77783833552348
80.79595904553169
87.97523491843896
81.70758708990734
85.76360520094116
83.31068460236594
77.39139320663377
27.914702055512702
34.367091016120796
73.80267704384715
87.41126233083382
14.264512298079882
82.15290099078625
50.1944289077348
38.157226587369074
57.724355685422374
34.99202019855866
40.60129464500447
89.23779512718436
14.47029410006589
88.14695936917349
53.9726266148964
43.45184230102203
53.9726266148964
58.81502534126161
80.53767779197439
89.74450211935884
51.34019174590991
89.68062883995594
52.43140797117251
82.2164404735346
66.97450799147197
83.24642596446901
48.3664606634298
69.92847413546127
67.9321004375898
61.18920625702693
33.690067525979785
81.7452514766104
16.389540334034788
58.69587650440903
82.33319573818584
77.66091272167381
18.054251571495236
20.949701470394842
79.80849814997231
75.4435756799257
72.25532837494306
84.16873353732245
79.2273523517793
78.52237304039224
80.29960805605421
80.89415145854923
80.18874313200395
81.60707481260751
70.82099197418928
66.69510946079689
84.28940686250037
86.23596513509428
65.99599235188239
80.57721938646492
