64.62843824690405
84.47751818500528
81.57303097851933
83.71310663826354
55.58163552094379
86.72951207681645
74.45019583029841
84.14850144840828
79.06315104979356
75.7499673021964
85.16663424328011
74.57783868126133
73.34215444342134
56.02345596374314
78.08485292873497
21.194056481542276
82.12072184503498
85.30131948270056
68.7948353798778
74.57783868126133
47.3532968661083
59.21585347367357
58.70696100407981
61.58733855692742
88.3070215623711
78.97046877601952
85.0158850174213
82.47617956136138
54.46232220802562
84.94617394993563
84.01940047523655
85.7493454253488
77.30733445488212
86.62252727068368
68.12084866242472
77.18090583475623
66.66595872329023
85.7387767555013
5.355825042855143
86.36261991650507
71.12090674396606
71.12090674396606
71.12090674396606
71.12090674396606
7.594643368591447
82.77568430595467
71.56505117707799
81.17962044797895
87.7974018382342
86.75474509610984
86.80244222614915
86.93897020058235
85.99219545762767
86.18592516570965
85.88509090176275
85.94326213870512
84.42780219603621
85.27201218115779
35.81733770414993
29.6871816391937
83.77417093557423
86.76638787511214
19.19307179074995
34.315087599997284
