57.144278049567006
79.8753283446022
69.83739600921396
75.96375653207353
38.65980825409008
86.13926737511673
62.28149837181664
86.56636963754949
82.19359917076424
81.30869246411515
72.14377674268574
41.729512076816434
73.05077576617856
85.20796595306805
71.23193993315664
85.39445157422715
18.886087369709294
67.26399511741855
14.381394591090594
60.39121293526327
26.565051177077994
50.1944289077348
22.61986494804042
26.565051177077994
24.77514056883192
76.97256775948773
53.55555824341289
77.17362481772723
72.92358971513838
82.82949276783208
77.64171494068238
83.17801857128028
83.15722658736907
67.80971110387746
81.70285503016314
81.17962044797895
80.04192940153901
86.46044083145004
61.504361381755025
81.83880932577333
83.57652956344344
85.07289005235099
45.622755687206315
64.88516511385544
48.62148470411735
84.74619724873774
43.87669728592457
81.91291248724689
79.45038842918768
84.84441568259376
75.1916229609576
81.10745129175187
82.75042780489095
83.62075183238687
84.66076319626241
85.53614881803163
61.14433878028348
83.50065372034544
78.62078608512333
79.54009090707088
85.91438322002513
87.32813540672741
42.54095600989539
75.83294447736881
