53.42696902148067
77.5500034921934
75.73548770192009
81.28683271192189
83.55839990066497
81.67975748263055
83.98084960572886
84.08193964789238
66.61477894278624
82.15237249531513
77.95742485711503
86.55261314813481
78.83511982245142
84.96176092666896
78.47627829610268
85.07289005235099
40.60129464500447
78.91743053697036
49.30446896050799
74.702112621497
72.43972794819932
44.19307054489763
80.84509686478768
62.850318302216834
58.760785111791236
84.58529792904434
74.05460409907715
86.09950625761812
82.95423087513251
74.74488129694222
83.6598082540901
81.60707481260751
83.0470425318261
83.01151027001653
50.314545669944756
53.44319092917664
54.58294472353257
81.59349010263213
51.23448009554123
33.023867555796656
38.157226587369074
22.03622694014545
22.06789956241023
52.59464336859145
54.16234704572172
82.4835582837305
41.33221194446857
76.95955183212081
84.83890196663975
85.77559678291615
84.49452214202165
85.46222749209335
77.19573393471325
83.29016319224307
87.0185387800178
84.94617394993563
86.73796652260324
86.38266686311785
34.44738142565305
15.926284567571226
84.65455462723291
85.0158850174213
18.479467679163427
21.165381222339306
