57.094757077012105
67.79059084178502
57.652556500557964
73.05077576617856
85.19204603696954
83.26211140524916
83.73650938566547
84.62562262767563
68.80594351845772
79.89696299914846
75.74052735178952
38.36748538486153
74.60445074600491
82.67809171302629
71.9335077024157
84.61845294786808
55.00797980144134
80.66500153686177
55.53918372862823
79.04593735660167
88.10348169679072
76.34235749418785
86.83963837395433
81.08507304285214
53.47114463301482
85.5910577718754
78.5304696671331
87.31203103439643
84.8661160991552
77.84505830277777
85.17228701418811
84.54608111140874
77.1118148742343
81.22494425552033
62.463926891842846
72.15397383797388
73.68614757373945
82.01668412106669
52.969610394321364
53.91492695714787
33.690067525979785
26.565051177077994
8.972626614896358
22.61986494804042
43.87669728592457
80.81278345397422
40.652543092440325
74.30895285134434
82.15829678489693
88.8854367275153
83.61288297423549
86.56013030625398
86.79929329898164
85.9597959815958
86.67852423665396
86.63353933657021
79.83791680599924
83.16899405064848
23.06286472468436
29.812827638660785
85.8150838748816
88.60281897270363
22.357907283963186
50.265840311779115
