49.398705354995535
83.37922391768502
64.72227776444704
84.12260739335687
89.23948122286914
85.23635830927383
84.71875937155488
86.57491189663236
77.41703750592308
85.71495154146434
76.10880882854515
80.41216697518136
81.55963472449336
77.96940390346214
74.57783868126133
71.56505117707799
78.735794395372
28.61045966596522
82.9476939921588
53.615648184164115
79.8753283446022
70.58453454403701
69.88960116331037
66.44055910310267
83.55046529615772
80.41705527646744
83.7256654429182
82.27817419986903
81.45303999265579
81.10957674263614
80.41705527646744
81.12944414324086
76.82744657667311
63.43494882292201
79.19838176430929
77.42453450025558
82.75549314755881
67.38013505195957
79.6409475119163
73.63508183011909
81.8121979880955
83.01151027001653
31.70685078591618
35.78532009060362
55.520784313874366
81.67434966957316
48.87125623198564
76.92890730647176
86.13453883014826
87.43240267081221
84.68545433005525
86.7877902398908
86.87219387871384
87.24751459973132
86.20693571831137
86.93897020058235
84.88268515002737
85.72053646975478
26.168546921944877
25.7784308621892
87.05174927806729
86.04435451961585
21.082012592793955
38.54118362128134
