15.780753309515369
49.519137714706474
28.442928624363358
45.67009552222453
86.64512126071266
85.55689079480386
85.28524548129506
85.252111891366
37.184706453233126
89.33765055262779
61.38954033403479
73.72373705794004
64.5839937702482
76.93346385734544
65.89776549883887
81.19669435927064
36.2538377374448
58.89717631501536
31.561811841649348
49.87690628664375
53.13010235415599
89.7732368851403
63.43494882292201
89.77293733330124
40.815083874881594
78.60299194026267
57.99461679191651
80.04192940153901
76.83894713442976
72.36821042888825
80.09997981684609
77.43255724645935
82.62146415732617
85.84871473357832
33.465379346355284
66.47051794797758
71.56505117707799
79.44819049380772
64.27438735663432
72.10812287080178
28.07248693585296
18.434948822922017
27.758540601060027
53.9726266148964
56.47552675142305
67.80020655794995
44.44909602078143
62.95521068429464
76.59883813327804
48.12213046211571
79.43898930880363
76.85513238244926
87.83210972077889
70.45363226665816
82.24822084570329
82.06724168582795
83.69637224371048
84.8055710922652
32.11968885097514
31.392170354502937
81.77591886815591
82.20300888976539
13.732405061105917
26.258659554807288
