56.309932474020215
82.92646232503863
67.06789956241022
83.32553095288243
65.85445803957835
81.32301461842579
81.71765058296869
81.89844561533664
75.14138555207533
81.55247275209153
79.03212781733832
56.659292653523
83.72892255049887
86.00195790079663
43.1523897340054
85.18941380563436
46.31188778250411
68.74949449286676
74.3991621933845
39.28940686250036
72.81429385577523
72.50424212281357
73.64639680081754
68.4985656759521
79.3034892642219
62.52556837372287
83.94101227602167
83.89531512307111
78.69006752597979
81.14569181167815
85.65997927403556
83.61843946740656
74.34421804115007
71.90609345593684
74.82007256547377
75.73548770192009
73.98456039373433
77.60033357369024
47.72631099390626
38.73650938566546
45.0
88.74554837731847
2.2976722612043265
60.297544300274744
40.50284838533223
78.94854297333457
49.73343833057548
75.47246135828591
86.15754687208515
86.89664067825663
85.63474226497208
87.03906386583625
86.98721249581666
86.95162505970171
86.55261314813481
87.62304918559653
82.00252652819617
84.66367990260856
25.87605096458118
18.434948822922017
86.03534527714389
88.90093521705772
19.738546885756975
41.19449981088854
