61.69924423399363
81.83393043179068
72.29957221133282
82.99873244250468
53.13010235415599
79.01450222103246
81.30869246411515
82.01988625483148
76.92087621993318
82.33804884502779
77.47119229084849
52.43140797117251
83.14488101989946
86.14936117608924
61.64503821467594
80.94656133782624
49.398705354995535
81.42228347498347
55.10929849249518
68.96248897457819
83.16656270909074
57.724355685422374
83.63978176783361
77.6994611210019
82.96819796069103
55.37584492005106
85.94189619726846
74.43848967467152
81.41283167208118
81.50727097188151
81.33586456689194
84.84991766198019
76.17794536426831
84.06482876904819
66.2894380806518
64.23067237566129
81.57303097851933
84.98014635798044
65.73870914752221
67.72724647066627
34.592288687509935
22.77037890876223
52.22431569404534
43.31531568210371
55.81387751362497
83.49437335431632
29.797591290823853
73.96961360057665
86.34777721969367
87.83892051177364
85.91438322002513
87.55033737987296
87.1553443952266
88.5639163581542
86.98721249581666
88.33971763101721
85.29638529570681
85.42607874009914
26.09056281517083
20.110791394529482
87.07927847899963
89.4222470164144
13.90528191425106
55.16986844023383
