46.46880071438583
62.810496387922036
58.57043438516149
67.04591346237152
62.02052561151985
21.61477894278625
68.45902408146156
40.76360520094116
52.67447951689393
75.79323388223963
63.208484470580835
74.58393851936383
33.690067525979785
59.17233770013197
80.98679564435727
70.40771810894847
50.640549432156824
58.95247776808495
62.96913974015701
43.55587446906416
77.20654854000443
34.86219614691486
63.11970699977155
58.78906735028054
74.31254621469967
63.93900426024007
81.95390899254761
77.26359979520217
74.05460409907715
77.84505830277777
75.09734576096888
80.90972307917768
40.0302592718897
63.6128854543324
53.240711829707884
67.01128319791937
49.48460600954462
67.78240573048168
71.12768730955726
74.95360816780149
72.05755291084134
71.74243692461026
24.03893426545845
20.980548900091065
42.13759477388825
68.91960292007745
45.2616227456948
70.96668358978064
82.28810758734112
81.86989764584403
82.69424046668918
81.79278358808185
85.35492157410839
88.38471195152535
82.72499504211075
87.71898402617889
79.44819049380772
77.41230661835122
7.415142775585702
11.352743758341708
66.44773632710536
86.33388598699463
5.19442890773487
46.608616192149846
