38.829824904970394
83.10904739517265
68.4286928087454
83.23964673600373
41.760299703897864
75.63218743532634
50.98059952476344
77.0654626472799
76.5781649321138
65.35322914806883
77.31371459436576
62.97841840882297
47.950779109006355
78.83511982245142
49.214178522734045
79.24203291161
25.60218755144178
67.3568913292943
16.69924423399364
62.265809495014594
22.61986494804042
50.1944289077348
17.74467162505695
23.62937773065681
17.44718842328219
76.3353996194431
39.0938588862295
77.0654626472799
60.1540680503126
78.98952009299643
61.65430637692334
80.26576765934564
79.72285941858759
80.72175998433009
78.340707346477
84.51156069271492
70.97439396243132
81.02737338510362
33.29356327084668
75.96375653207353
87.42664053682319
89.26547896574519
23.304890539203118
48.110840653490776
57.38075692880717
71.33617444704434
51.469819985173174
74.39785977977513
73.26124144157235
74.97289058597137
73.3611943295737
84.2127570359685
52.59464336859145
83.54118362128135
81.66563548264217
84.66784111834045
79.81337024005522
78.8994299784947
37.76016260337797
28.739795291688043
83.78436410029735
87.59586394624631
21.960564020096463
52.01796602388927
