49.30446896050799
67.85876187986565
67.85876187986565
65.75407131879939
47.60879474674947
46.13817700748818
76.31354327018973
63.99665415548856
52.9893267663969
77.25177438976236
73.64418289898275
82.80989949183733
62.63178957111176
79.55057184223075
72.75854060106002
81.89528345699328
84.3455791773593
60.31910056313263
46.1457628381751
58.97631066602689
52.00126755749534
85.74397327451634
75.58989052014424
80.7617070687069
64.39781244855823
31.827446576673108
80.84766095059801
78.59750576561092
75.9154464427521
78.2242584432148
81.40091128922252
84.28940686250037
70.04620077964279
74.33183957824751
56.59217541029108
56.40655258397241
72.89727103094764
73.3611943295737
59.433730110445495
75.1013045655997
23.07041224982466
15.461217740441889
31.218402764346386
39.66784111834045
51.881723630636955
77.38238136627297
21.20516462012219
60.12911859137231
84.35537779421391
83.77417093557423
84.67176521802016
84.22567409733672
84.43490116508836
86.75724702237734
85.89612452736306
87.08626214956419
83.8844964337146
80.47271661854764
6.487078570359946
10.991232413805022
83.6598082540901
87.88379775037654
12.528807709151492
36.49129668372969
