37.8749836510982
66.43249673720503
47.3970285300596
66.83358004979483
37.99873244250467
49.9697407281103
51.34019174590991
42.83892051177363
45.0
80.41465966750812
45.0
69.35300917502964
81.33794774677442
69.69843943725655
77.08039727822735
75.17352002964434
17.89613292503925
57.70711350131659
41.00908690157023
22.380135051959567
85.70346652315544
69.47753964146635
76.20051460398064
74.60118025228661
77.55489680326811
75.96375653207352
80.03619581009282
78.04812486997523
82.05652818940959
79.79602627826831
81.90791740105537
82.11686068327027
72.32031902256115
74.93151184050778
56.82148834060726
58.36220656994198
55.30484646876603
69.44395478041653
21.71393508177643
63.305613197199186
49.176090527604565
49.34323995168939
49.176090527604565
49.34323995168939
34.33021719550333
53.98840188418749
42.56335175318987
53.9726266148964
82.81146285726335
82.73675525941545
82.99873244250468
80.85835977647511
86.76638787511214
87.30327883622937
85.05403345289584
87.35745470593528
73.96766064606403
78.69006752597979
7.704119277512866
22.625281964145405
87.32457334397085
88.79535974085236
15.379507153326916
28.381138184711883
