78.08485292873497
88.83086067209258
83.21102542556122
87.19591700487773
66.55193742204219
84.13972301852912
78.49518467374119
78.44899273747473
84.28940686250037
85.71084667118099
83.05586948900677
85.93047753968976
87.3438527960429
80.53767779197439
86.92666748892665
79.33021719550332
70.59402924599883
81.45608108920096
61.89864869403823
37.40535663140855
79.12854707414516
81.73116721595642
77.3609375593699
83.14292766590074
87.07265200825913
82.8749836510982
86.18592516570965
85.0302592718897
87.18862640547347
86.7947840689865
86.53177074108285
86.99933858653786
86.42366562500266
88.34769532234868
83.60560223477242
85.5587588105672
85.17923392190735
80.63980919808668
85.7895015966978
82.20792192178156
81.46923439005187
81.46923439005187
81.2147012821154
81.2147012821154
70.17753542963479
70.68364718049585
71.56505117707799
79.31508759999728
85.41202187592752
85.55589387834732
83.12518197129576
84.62329457194926
82.23483398157467
86.39369137740334
83.11827636936306
86.50155543497783
86.11550842994693
82.50414236027014
43.560710372117576
55.40771131249006
81.32682595212023
84.62329457194926
48.11084065349077
59.03624346792648
