34.33021719550333
60.216326712022976
45.0
63.43494882292201
47.12109639666145
84.504492520843
71.3504612459486
84.53289841191118
40.91438322002512
71.96109864463288
57.757532160876686
82.29660172339963
79.49967968174803
83.38653951768524
77.59258147259925
82.33543639281349
60.25511870305777
83.6598082540901
45.62959860841027
79.82093989229473
76.55138494831348
80.63061490351252
83.6356226162218
81.46923439005187
73.61045966596522
87.48524735252717
80.71644719473866
83.95149333899937
83.25994390205305
83.94884155460709
82.84336346693912
84.76772712186818
78.37783203643043
80.41705527646744
50.801586887647005
64.16017312198127
71.56505117707799
37.87498365109821
42.08916217383224
5.5054778579782715
53.48160579402933
53.48160579402933
53.48160579402933
53.48160579402933
53.42696902148067
75.72539792998322
57.154941697222235
76.01791131699893
83.02507048400386
83.11827636936306
83.08877288097533
83.89531512307111
84.95754893082909
83.53018001482683
85.25603405695955
84.40066066347944
86.31772593769473
86.28871619197912
33.41178476246411
22.326625117002763
83.6317358508915
83.82319881739579
18.08344538304867
29.666715206946453
