45.66619997018314
78.15523331038386
77.0053832080835
75.77403610124821
84.5272883287495
82.0142192033667
82.76848604230733
83.18564711059025
73.26851278712913
46.39718102729637
77.47119229084849
51.45881637871865
74.71256557588325
80.69794528870118
45.90938044919914
84.35945056784317
63.270306231514546
22.380135051959567
76.31354327018973
28.523118606312032
76.81703484145916
88.84654954889463
78.54124765412281
75.80144597613683
80.97687028710934
51.469819985173174
83.87674538133858
73.0446869479748
85.89066480844507
80.17472295785154
82.29815497370458
77.25797134181515
78.98816982835562
75.73548770192009
74.95719925394616
73.7508519838536
86.84402986467256
81.89528345699328
19.179008025810727
78.5134110060776
63.43494882292201
89.61866932757692
0.9330735232186459
62.979929034856156
44.060809054264425
76.22118128039644
58.62699485989153
74.97200712805808
84.19841311235301
82.52266969333921
83.9559078377589
84.7047870633829
86.04766341788424
85.34174589032439
86.20883431263478
87.61405596961119
86.83271273884807
85.93847732268942
49.43103931291353
11.768288932020628
85.51539399045538
85.9314203231546
28.958860464969298
18.97499587538203
