59.96671956400486
69.68480437326794
53.56914187983764
78.16443291952218
36.86989764584401
41.729512076816434
34.777831366363884
39.06258390051848
21.80140948635181
81.70584432319079
34.15969454566944
75.25643716352927
85.74476203800079
66.87915133757528
82.63740748878746
68.99321056922815
87.86763156344598
66.82760782906789
75.32824920409817
71.79608129397346
77.92471141680646
63.04782106877106
84.19841311235301
83.76825439495988
75.87681307906041
78.47276472650427
78.69006752597979
66.03751102542182
81.42228347498347
80.20617264155243
63.0295609213491
63.2945182719847
73.13134236406104
79.86689008553019
56.38642879640919
66.32757511026549
52.25319461272533
34.135940077912274
29.789573783597902
41.13453883014825
52.77228793007456
52.77228793007456
52.77228793007456
52.77228793007456
34.69515353123396
43.94559549647816
35.18521332794773
41.487241238858715
85.64892204842613
86.15396990995262
50.527540151656176
83.57125225117015
78.90627698844216
89.47861700503726
79.50852298766841
89.42820481652679
20.788245689030312
21.01973386821596
20.788245689030312
21.01973386821596
62.65012421993013
88.82744308906574
0.9675086487423871
75.45722550910553
