47.563770211465
49.12759170251172
66.69510946079689
65.60626061383684
61.18920625702693
82.15657892504936
73.03385189146381
84.9328382741468
26.565051177077994
81.30721888303648
52.1250163489018
84.66076319626241
83.59564727361585
84.63226315284385
83.09545694295073
84.04682231779252
52.1250163489018
82.09839405965754
65.03721016919299
82.30883824805888
84.28940686250037
86.63353933657021
85.8679397450474
84.71455325061741
79.01134890350603
84.42136374460661
81.2538377374448
82.44365594356054
86.22018614200073
86.46258057001249
85.60129464500447
87.09618113490373
77.1372489810418
78.77420223718562
78.430027952098
79.47921568612564
49.76364169072618
86.09950625761812
81.92679512417482
82.49412824178205
87.91743472026913
89.62552311327718
14.525416465768437
54.2167202483914
55.49147701233161
81.05310887349702
58.71734631836032
76.74347344197929
86.96952315413941
87.18444331578877
86.58905504464427
86.37851529588266
87.19972083196205
87.99044618697886
87.59178355887178
88.21704952042634
86.28471089457123
87.16899832213474
43.88975565677948
36.05241524518437
87.4968602204151
88.18887920780928
31.08750532347998
51.17759330475638
