41.98721249581665
79.44819049380772
50.527540151656176
76.7501969061006
81.99527114270714
77.71604455889283
85.1147974318827
83.13000769178574
38.65980825409008
85.41593520129867
52.59464336859145
88.39773865372904
82.8749836510982
81.98674815585844
85.04811120448326
83.30873556744771
53.13010235415599
82.46589737336747
57.38075692880717
79.14989537020263
77.28886743447052
80.8376529542783
82.9834982552771
85.78090465075155
79.69515353123397
86.79051368220802
83.9667469937993
87.20729763428672
86.90154303287555
86.65967792030115
87.81419919322441
86.59608295957028
78.69006752597979
80.53767779197439
75.18368065722235
66.69510946079689
83.472158992115
81.65610841596691
74.99108632334132
77.29288649868342
38.65980825409008
89.31658375043324
0.7869804437366207
54.12102599453199
84.28940686250037
69.80178563566622
44.292680631455745
67.93910053279174
87.90474743537615
88.47923033885624
88.32236053384653
88.16226320961216
88.53119928561418
88.76802259736027
87.59978553914337
88.6625982903506
88.81063910890556
87.18444331578877
40.60129464500447
18.21709519782486
87.56335175318986
88.50380862917078
13.431028870681653
34.13313867077538
