60.10109816138544
86.16375187753134
76.6075022462489
85.29214775562778
67.06789956241022
77.39585271623817
82.91006985584478
77.71904559490062
81.1982916767922
52.12501634890181
82.68098062440957
65.55604521958347
78.0887845680284
82.22086280908565
69.8293465881496
84.17365797044422
51.892423122485134
73.55324400741932
71.29479007058386
47.3532968661083
87.88866937442398
78.56969841837245
82.94089766229969
81.2538377374448
78.3885135761115
69.5129858066693
83.91530613473124
79.06090881680785
86.65805614273887
83.36748538486154
83.6598082540901
84.73230287195577
72.01857030303596
84.1303995569853
78.60123693124207
82.9881417255249
83.14924333822007
81.70285503016314
83.27829088003979
80.34502290434381
87.27368900609373
88.47653520834818
19.42082095246682
23.067579051018033
56.02345596374314
79.338060023394
41.58905504464428
72.20541126618453
81.7643806757905
87.37577997221794
83.48019824834302
87.13759477388825
85.96658892722981
88.33971763101721
85.62920296209253
87.94849102353861
83.7031812810156
84.20720350496785
23.46402240470746
15.36927883881945
87.3438527960429
88.55990663820384
30.75330466120435
52.46855787858149
