53.36588612403259
83.16383281119694
69.81419699053515
85.5278699357156
89.50608310138125
83.96231747857712
86.4736270524452
86.0434804154554
79.61114218453038
24.62356478616361
80.7273982227997
76.65127288671262
86.38446892886803
86.85685678372647
84.36505479783213
83.62181371091062
48.81407483429036
81.52885536698517
55.81387751362497
83.26836529353706
73.30075576600639
80.18383662124626
80.3112134396332
87.80676542362446
73.10135130596177
82.3549867283293
82.33319573818584
86.50536107274667
85.53614881803163
85.15988751115297
87.67363819642493
86.72951207681645
84.18102909860544
85.5787105785694
78.69006752597979
74.67308211207784
82.11165055511212
53.13010235415599
80.78897345918332
67.10944834375167
74.1025102580749
74.19748604606448
73.7676493388438
73.86441133869448
54.78240703180729
81.93675383430275
60.25511870305777
80.3112134396332
86.24827092947402
86.6169942086694
84.8055710922652
84.36405930170655
45.00000000000001
86.23287608077806
86.7060350121549
87.42926288930947
87.1014232007183
85.72053646975478
60.97506745679604
17.76764046708694
86.37851529588266
87.63592041408052
41.09566012890582
47.23117460803125
