61.69924423399363
57.43956201884656
67.16634582208245
59.42077312751098
81.2538377374448
83.6598082540901
84.3964616323757
84.38241940987318
45.00000000000001
83.5475371119975
68.3109350353842
87.57739254187624
73.73979529168804
83.60560223477242
79.3034892642219
85.5612836322953
50.71059313749964
80.77917595936209
59.50016676655257
77.8314353715077
78.19293657840144
73.58641611743401
83.7312790438558
79.40523428766286
83.20530157148305
52.12501634890181
86.30861401354873
84.91173980246239
82.34672404901714
84.36573334423261
85.12072621699328
86.53874612204585
81.1317371667924
83.29016319224307
59.30027744918559
58.71734631836032
71.22196677755446
83.23038047237605
71.17528998175993
54.03948280335512
36.86989764584401
25.709953780811272
40.3141001604973
32.27564431457763
57.84770485871766
80.32422042681341
30.749967302196413
69.21330512986506
87.12323492969944
86.55261314813481
85.80581721160915
85.96228937902288
86.30861401354873
87.99044618697886
86.36181342213533
87.38755580734066
84.12260739335687
86.20693571831137
29.74488129694223
20.273612564491817
86.37342821612039
88.12825503471124
18.710076501843258
39.95568061050128
