46.39718102729637
75.74296464034994
65.82089285331082
79.23572511939551
45.28224293627086
81.29048357799503
85.53614881803163
82.8749836510982
69.35300917502964
35.8376529542783
81.7241071729248
79.33021719550332
81.53440244601839
83.25647300825067
57.30801581742793
51.34019174590991
45.0
75.39555255320988
47.72631099390626
78.23171106797936
82.38353798070654
77.9052429229879
82.8749836510982
55.58163552094379
77.41703750592308
86.21735455340371
78.40782458970894
78.43986920578224
83.37922391768502
83.91424888048243
85.58137953301085
88.43064519525102
83.37596736548248
86.55778471410262
52.953081971438415
62.06869861499828
49.398705354995535
81.02737338510362
72.93259518153562
81.20052695542222
73.12856761567284
6.340191745909966
80.84257484925057
1.023030188667591
40.179233921907354
76.56447663768078
53.71974650623733
78.26305734706932
86.02326902492244
83.71310663826354
85.18308470350738
84.28940686250037
84.73230287195577
86.60286708066025
83.36748538486154
86.63353933657021
87.77843286706396
86.63353933657021
36.39798501184598
16.93787583840789
82.17628926811474
84.25133658271224
20.525705916349146
17.329974359439706
