38.65980825409008
75.4848515949663
54.2726017772003
73.92004403760646
56.611486423888486
80.07375449334829
84.02843410220356
82.05996772473462
51.23448009554123
80.33643905269942
54.84582236785258
80.56144211226784
77.20560060923482
82.2490389594696
78.340707346477
81.14409920050686
16.144338780283462
66.8370633582358
25.958769261560647
67.99414613775217
25.01689347810002
88.06941255883301
3.2572219406670078
70.32590142774937
9.188836077358777
74.19291591131203
25.253163394573882
75.71890426402918
83.38653951768524
76.59249156293683
82.5601748437091
78.92345026583169
81.68487424320811
28.300755766006386
81.66563548264217
82.58308628086161
85.10090754621224
84.9868862449642
82.59512194490328
80.14554549970606
84.41739424346893
86.01747942817097
25.955544600402796
42.37642210721644
79.78733236611313
76.54574781929655
2.361374658175717
74.50909752706562
56.996899307923584
89.02484685690744
51.8090501796134
85.87433491840666
76.37931246939971
72.97435915061203
81.01480024957729
82.46739859905264
74.13429219722617
81.46923439005187
75.50435004695902
73.1083042553255
83.02900419277056
82.64004584116803
73.16606917932084
77.9052429229879
