72.5528115767178
87.89351863053106
78.69006752597979
87.24916520411877
53.13010235415599
84.78671759524475
82.60831639004716
83.42807734568412
83.49104355949743
32.27564431457763
84.43366785730902
72.75854060106002
81.97276248956804
85.7881465099114
79.14989537020263
82.55628359088298
79.90249561592472
67.83365417791754
84.82894758199751
83.8844964337146
88.65211271980141
77.68693654101055
82.8749836510982
82.51261180285637
84.38779677067514
82.96658354030507
83.30873556744771
82.04691802856159
83.43370137925369
84.42780219603621
81.64564916462031
81.08507304285214
80.69522765935668
77.1372489810418
81.68235075589361
79.69515353123397
77.64844084996982
77.60914333931909
81.36286858492926
84.74425942009462
88.55344431342608
89.01900375587013
40.56128363229529
50.40521510548495
45.0
79.16869435388587
54.6887865603668
78.69006752597979
86.49646835521554
85.48601154199875
85.9958270592906
84.66784111834045
87.3775985394589
89.06736038779303
87.13759477388825
89.08647728797456
84.35175262626474
85.57044070102236
19.923532039066444
18.647548142249633
88.04749095060039
89.64992831032659
12.49247557736108
51.19042095267216
