50.9061411137705
54.1178627537958
70.01689347810003
66.19405648154229
74.3460772072054
80.85616133508591
66.39981013208224
87.61405596961119
57.46493284206499
85.47117576306746
78.3952376436212
83.83852189632938
85.16958004171006
68.60018986791778
84.74619724873774
66.2796044276954
85.09554427940088
55.840305454330576
83.56652312076835
64.25929164376716
76.9447527762034
81.26290209103364
57.11876033472519
80.8376529542783
87.72755026721707
77.94921511659044
84.45270041257824
81.92976782208193
82.76975736074843
68.31770838675507
84.77779805541323
86.85750422292723
83.96999119171855
85.83532734813407
77.6702503649277
77.47119229084849
86.45679733652551
64.48612957246576
84.21099115482768
76.50426671920418
74.37040441021941
74.37040441021941
74.37040441021941
74.37040441021941
61.31385242626057
66.80140948635182
65.07152586453873
74.50801447199197
82.04691802856159
83.25994390205305
84.13402885827348
86.56013030625398
83.78597050900842
85.70598532896348
86.72951207681645
87.51942338679676
83.44305350183662
86.94341955185057
36.98018774930181
40.2057679333694
86.29778714680059
87.80506887679583
43.01261579819859
51.27274530324018
