71.08891992543614
80.65532809790032
75.8624378410197
70.27111601172507
88.98000486692384
73.68614757373945
83.8844964337146
79.95797636447048
78.35824239704296
80.05301206344151
75.22183826706265
82.59308787150478
80.03985969162723
80.12339882578617
74.6237487511738
80.95612267452488
59.743562836470744
83.03330747766917
70.05097781644288
83.2409188730295
88.50566640873346
80.36246188706906
85.94898908224333
78.61357120359082
41.30861401354872
82.32378524643944
13.448615051686527
88.15832650525275
82.77840425750796
81.62574097240096
86.09508255630564
84.05848020624724
83.50419815458237
84.60002657667494
63.62466925374733
52.82371073188527
64.23067237566129
78.62488464225451
71.66167128703019
68.83874018317172
66.49204003334457
66.49204003334457
66.49204003334457
66.49204003334457
55.00797980144134
42.69093721097431
81.94089609712904
58.26085920418485
82.96205923681532
84.92039213998542
85.73210669970919
83.78436410029735
84.60002657667494
84.10448298763066
83.23382517744695
84.17927575447496
73.98456039373433
80.26301172959725
22.425861921351792
35.55067297875837
84.55966796899449
88.09084756700362
10.456250592230864
48.69498790884001
