45.80692945510237
75.00891527820134
70.01689347810003
80.60755065918109
69.36517969781681
82.38918052243318
86.44582176446791
85.08343399398998
36.86989764584401
85.11633590402434
55.53918372862823
80.56430222291728
79.53466157139935
85.33665089416041
81.05724605159028
84.19327309446842
76.31354327018973
45.0
82.35959323897325
58.201087175705574
88.41982752719998
36.57303097851933
74.7805351688262
63.98762408787016
83.06063153770135
71.56505117707799
86.24268736183463
84.19841311235301
49.18491612511841
77.57405713457253
82.16447489351145
81.58765470957317
74.34165470098029
80.15098548888298
79.01934998982645
79.8753283446022
84.05996274769936
84.83569505348167
81.9807210656898
83.71052743191298
88.07481629167685
89.31793960682735
24.365703286440603
57.81105064542238
45.0
78.49880907729016
53.24632081446853
75.04496868134771
86.69813432556501
87.53424100500224
83.844831656726
87.09808953111636
87.53424100500224
88.05485323858571
87.04368934249635
87.71951467531814
84.51640955553556
86.84928358673226
25.599483389677076
30.38315440055619
86.71613771209364
88.46565850029923
22.641617331016995
51.795260107792224
