47.72631099390627
69.20588504449636
70.27772223555296
77.20912079884187
63.43494882292201
78.73993329190378
64.05770451012833
82.08583549095236
44.14490260373328
83.8187735444144
60.33328479305356
88.72223909237142
89.47676541781581
82.93890602641389
83.22945245521525
85.00142758253155
49.76364169072618
81.15162535516639
58.190610712206855
82.58629959378749
81.11105752157547
85.57521554825603
83.58121326976122
80.41216697518136
83.39153566168315
85.69553103949202
83.56526084896329
84.87683446287186
86.41050325916181
84.42780219603621
85.26255665198988
85.8150838748816
74.64250657650237
72.58202920779716
70.61548432064217
79.35712925529643
68.66314070819435
84.75476196028696
31.390268104187808
81.03665505997998
78.69006752597979
88.8542371618249
2.249748703457845
29.037288965269717
48.23970029610213
78.13327475737897
57.93260839673952
76.14364849830146
86.15754687208515
86.09950625761812
86.69178646612797
86.13453883014826
87.12163050026597
87.61405596961119
87.00469671239725
86.68221883166515
84.17365797044422
83.50922836552432
20.317696151727237
50.563663264223976
87.62815781021078
88.55435657944379
28.642225942240813
40.04841267712252
