40.030259271889705
81.99759976613659
64.90374953730785
84.16406764868258
75.06858282186245
83.20211749971367
80.94927832281627
82.68299276767523
76.6648936589541
21.447736327105346
76.90810693565317
82.96205923681534
80.92124213401105
82.30394827798344
80.34621391146345
78.3952376436212
82.37028474463625
36.34745820888529
81.94395505334798
57.47510971220896
82.00363213341984
79.03212781733832
77.70230712633997
79.7124216981352
84.95754893082909
84.13612798923107
82.8749836510982
84.10448298763066
84.59166784252466
86.1214754971523
83.27148790623133
86.23596513509428
78.33507963020858
78.32121567193957
72.64597536373867
77.97472039036468
71.74810416292145
75.21132238583483
71.93952806380082
59.65675111576043
81.2538377374448
87.39743779750019
1.631916953825757
8.107248035658047
42.87890360333854
76.03018639159784
52.1250163489018
75.18751936465696
85.49509313639298
86.72232404780974
85.67772294050896
86.91978986335417
86.09950625761812
87.16121215899463
85.93663400706696
86.75088843927932
86.44214813388191
85.57044070102236
23.795745515685592
21.82538261445624
86.83611638111925
86.72101374114558
23.962488974578196
23.315691213839656
