55.12467165539781
52.94347181059042
69.09201952899035
67.22962109123779
77.85848359209054
77.0053832080835
76.63497345055893
84.5272883287495
63.958183405106205
74.69575660519591
81.166585348781
83.44744532917073
84.07541801801752
82.8444584651141
82.80279245093853
82.34384089434867
52.1250163489018
83.99864163716282
56.72511201516508
85.50741852008468
87.23867784056867
87.16899832213474
88.73049522324858
87.15786211634433
65.22485943116808
88.13358820566764
75.49983323344743
88.22487253778803
87.81034564904147
84.436791179256
87.3693413037302
86.09430086292788
86.59723022893824
87.56805005408243
61.137276561717854
72.48774384246721
77.70473357700186
85.16559369373674
44.409342785353324
81.83605489755706
75.22544972495342
75.22544972495342
75.22544972495342
75.22544972495342
58.3924977537511
81.33261282004452
57.30801581742793
78.80341214471812
86.28753905881757
82.8749836510982
84.3296426561061
86.69325351975748
85.89188782286413
86.97586454993355
87.21483357788566
87.43240267081221
85.68397248013439
86.59723022893824
46.42497427251542
28.300755766006375
87.15338308418389
87.92162975463803
38.38201271201297
47.901910468883635
