2.75
2.1538461538461537
2.9183673469387754
2.2857142857142856
2.5828571428571427
1.2971428571428572
16.74074074074074
8.407407407407407
3.1818181818181817
6.090909090909091
2.2151898734177213
4.2405063291139244
4.705128205128205
4.0
6.553571428571429
5.571428571428571
2.289308176100629
2.6352201257861636
4.666666666666667
5.371794871794871
3.0718954248366015
1.1830065359477124
5.595238095238095
2.1547619047619047
6.826923076923077
8.23076923076923
7.553191489361702
9.106382978723405
6.616666666666666
4.233333333333333
10.179487179487179
6.512820512820513
3.5584415584415585
3.5064935064935066
3.859154929577465
3.8028169014084505
4.934426229508197
5.639344262295082
3.4597701149425286
3.954022988505747
0
0
0.03651685393258427
1.4915730337078652
0.7580645161290323
2.7096774193548385
0.8294117647058824
2.9647058823529413
18.375
15.875
21.0
18.142857142857142
18.142857142857142
45.142857142857146
15.875
39.5
17.294117647058822
14.941176470588236
0.6433260393873085
0.5557986870897156
21.0
38.06666666666667
0.6862745098039216
1.2440087145969498
