2.423841059602649
1.8344370860927153
5.013698630136986
3.7945205479452055
2.067073170731707
2.0060975609756095
5.65
5.483333333333333
4.557377049180328
5.983606557377049
5.148148148148148
6.7592592592592595
5.092592592592593
7.277777777777778
4.508196721311475
6.442622950819672
3.2830188679245285
2.106918238993711
6.289156626506024
4.036144578313253
2.382978723404255
2.3120567375886525
3.3267326732673266
3.227722772277228
7.885245901639344
6.163934426229508
13.36111111111111
10.444444444444445
6.409090909090909
8.636363636363637
5.320754716981132
7.169811320754717
2.965909090909091
3.375
2.868131868131868
3.2637362637362637
4.0
6.175675675675675
2.8190476190476192
4.352380952380952
1.4919786096256684
1.4919786096256684
1.4919786096256684
1.4919786096256684
1.0441176470588236
2.6470588235294117
1.2529411764705882
3.176470588235294
14.0
8.3125
11.789473684210526
7.0
18.5
78.33333333333333
9.652173913043478
40.869565217391305
2.7954545454545454
5.318181818181818
0.25949367088607594
0.4936708860759494
72.66666666666667
314.6666666666667
0.42330097087378643
1.833009708737864
