4.394366197183099
4.323943661971831
3.586206896551724
3.528735632183908
3.8585858585858586
5.070707070707071
6.47457627118644
8.508474576271187
2.5510204081632653
3.7653061224489797
5.1020408163265305
7.530612244897959
3.716417910447761
9.477611940298507
3.1125
7.9375
1.5
2.676056338028169
2.6625
4.75
1.9786096256684491
2.4705882352941178
10.571428571428571
13.2
4.586956521739131
8.304347826086957
5.702702702702703
10.324324324324325
8.208333333333334
9.125
11.257142857142858
12.514285714285714
8.7
10.15
7.25
8.458333333333334
10.813953488372093
6.604651162790698
10.333333333333334
6.311111111111111
115.5
261.5
0.9829787234042553
2.225531914893617
2.767857142857143
3.919642857142857
2.48
3.512
11.1875
8.0625
12.344827586206897
8.89655172413793
11.1875
14.09375
12.344827586206897
15.551724137931034
11.333333333333334
9.2
1.452991452991453
1.1794871794871795
4.2682926829268295
15.463414634146341
0.7847533632286996
2.8430493273542603
