1.5897435897435896
2.2905982905982905
1.6607142857142858
2.392857142857143
1.673913043478261
3.380434782608696
6.844444444444444
13.822222222222223
4.938775510204081
4.326530612244898
3.142857142857143
2.7532467532467533
6.052631578947368
10.263157894736842
5.0
8.478260869565217
1.033195020746888
0.946058091286307
5.1875
4.75
3.7063197026022303
0.36059479553903345
49.85
4.85
5.15625
9.75
4.852941176470588
9.176470588235293
15.487179487179487
12.564102564102564
22.37037037037037
18.14814814814815
12.10126582278481
0.26582278481012656
30.838709677419356
0.6774193548387096
2.0
8.435897435897436
1.0985915492957747
4.633802816901408
14.933333333333334
1.35
18.285714285714285
1.653061224489796
3.0
19.61111111111111
0.5934065934065934
3.879120879120879
7.4
7.38
10.0
9.972972972972974
7.467741935483871
5.951612903225806
18.52
14.76
14.925925925925926
12.444444444444445
3.8380952380952382
3.2
11.761904761904763
27.857142857142858
2.225225225225225
5.27027027027027
