2.128834355828221
2.392638036809816
4.3375
4.875
3.132596685082873
0.8066298342541437
9.14516129032258
2.3548387096774195
3.4310344827586206
9.275862068965518
2.8840579710144927
7.797101449275362
4.145161290322581
7.354838709677419
3.953846153846154
7.015384615384615
3.106060606060606
2.1893939393939394
3.6607142857142856
2.580357142857143
2.0806451612903225
1.086021505376344
6.672413793103448
3.4827586206896552
6.059701492537314
4.373134328358209
6.88135593220339
4.966101694915254
4.4
3.453333333333333
6.470588235294118
5.078431372549019
4.787234042553192
3.3297872340425534
7.894736842105263
5.491228070175438
4.171875
6.5625
3.0689655172413794
4.827586206896552
1.4
49.46666666666667
0.07317073170731707
2.5853658536585367
1.7266666666666666
2.8533333333333335
1.7039473684210527
2.8157894736842106
16.041666666666668
11.5
20.263157894736842
14.526315789473685
12.958333333333334
13.166666666666666
16.36842105263158
16.63157894736842
13.6
12.84
0.8831168831168831
0.8337662337662337
18.307692307692307
29.923076923076923
0.5994962216624685
0.9798488664987406
