1.8391608391608392
1.8601398601398602
1.4371584699453552
1.453551912568306
2.1906474820143886
1.064748201438849
12.6875
6.166666666666667
2.514851485148515
2.722772277227723
3.3866666666666667
3.6666666666666665
3.826530612244898
5.408163265306122
4.8076923076923075
6.794871794871795
0.3411371237458194
2.648829431438127
0.7727272727272727
6.0
1.00982800982801
0.26535626535626533
17.125
4.5
18.083333333333332
6.75
18.6
6.942857142857143
11.285714285714286
3.5428571428571427
10.972222222222221
3.4444444444444446
39.583333333333336
55.25
3.8306451612903225
5.346774193548387
3.0923076923076924
1.4615384615384615
2.8309859154929575
1.3380281690140845
5.578431372549019
5.578431372549019
5.578431372549019
5.578431372549019
1.584070796460177
1.0353982300884956
1.967032967032967
1.2857142857142858
6.384615384615385
4.8307692307692305
10.64102564102564
8.051282051282051
4.1506849315068495
5.219178082191781
9.774193548387096
12.290322580645162
15.814814814814815
11.185185185185185
2.0430622009569377
1.444976076555024
7.973684210526316
10.026315789473685
1.5303030303030303
1.9242424242424243
