0.8640350877192983
1.5614035087719298
3.126984126984127
5.650793650793651
2.6052631578947367
0.45614035087719296
9.428571428571429
1.6507936507936507
2.75
7.884615384615385
2.75
7.884615384615385
6.701754385964913
5.543859649122807
8.127659574468085
6.723404255319149
2.18125
2.53125
2.908333333333333
3.375
1.275109170305677
2.222707423580786
5.7254901960784315
9.980392156862745
6.537313432835821
4.7164179104477615
9.125
6.583333333333333
11.258064516129032
14.580645161290322
4.154761904761905
5.380952380952381
3.2413793103448274
4.114942528735632
2.4521739130434783
3.1130434782608694
4.619565217391305
2.0217391304347827
3.8636363636363638
1.690909090909091
1.6080402010050252
1.6080402010050252
1.6
1.6
1.2675438596491229
1.412280701754386
1.6900584795321638
1.8830409356725146
43.6
17.8
31.142857142857142
12.714285714285714
27.25
284.75
13.625
142.375
27.77777777777778
6.333333333333333
0.43103448275862066
0.09827586206896552
7.75
304.25
0.05299145299145299
2.0803418803418805
