3.0225563909774436
1.2932330827067668
4.231578947368421
1.8105263157894738
3.9913793103448274
1.456896551724138
4.133928571428571
1.5089285714285714
3.1866666666666665
4.466666666666667
2.6263736263736264
3.681318681318681
3.6666666666666665
3.5977011494252875
4.037974683544304
3.962025316455696
1.3711790393013101
1.685589519650655
4.361111111111111
5.361111111111111
1.945736434108527
1.6550387596899225
11.674418604651162
9.930232558139535
6.18
7.82
7.186046511627907
9.093023255813954
9.346938775510203
9.612244897959183
10.409090909090908
10.704545454545455
4.225352112676056
3.2816901408450705
6.382978723404255
4.957446808510638
4.651515151515151
5.545454545454546
5.903846153846154
7.038461538461538
37.285714285714285
38.857142857142854
1.044
1.088
1.7230769230769232
3.453846153846154
1.763779527559055
3.5354330708661417
7.863636363636363
9.863636363636363
11.931034482758621
14.96551724137931
9.434782608695652
9.021739130434783
16.074074074074073
15.37037037037037
16.285714285714285
11.571428571428571
1.6642335766423357
1.1824817518248176
18.136363636363637
20.454545454545453
1.425
1.6071428571428572
