1.5434782608695652
4.318840579710145
11.210526315789474
31.36842105263158
5.2405063291139244
3.518987341772152
5.3076923076923075
3.5641025641025643
7.18
9.0
8.348837209302326
10.465116279069768
10.131578947368421
8.078947368421053
7.0
5.581818181818182
2.25
3.560344827586207
4.078125
6.453125
2.482142857142857
4.392857142857143
4.088235294117647
7.235294117647059
11.1875
9.875
9.421052631578947
8.31578947368421
10.384615384615385
9.35897435897436
13.064516129032258
11.774193548387096
6.428571428571429
5.946428571428571
7.826086956521739
7.239130434782608
7.101694915254237
6.593220338983051
9.744186046511627
9.046511627906977
9.882352941176471
10.5
2.7096774193548385
2.879032258064516
7.0476190476190474
5.777777777777778
4.673684210526316
3.831578947368421
26.666666666666668
20.466666666666665
21.05263157894737
16.157894736842106
21.125
24.9375
18.77777777777778
22.166666666666668
14.652173913043478
16.08695652173913
1.6600985221674878
1.8226600985221675
14.933333333333334
34.2
1.061611374407583
2.4312796208530805
