1.7918552036199096
1.4298642533936652
12.0
9.575757575757576
1.2897196261682242
2.182242990654206
6.9
11.675
12.545454545454545
9.030303030303031
11.5
8.277777777777779
10.789473684210526
8.763157894736842
13.225806451612904
10.741935483870968
2.0229007633587788
3.5343511450381677
2.912087912087912
5.087912087912088
3.3008849557522124
3.0265486725663715
3.4220183486238533
3.1376146788990824
6.55
5.583333333333333
9.585365853658537
8.170731707317072
5.807017543859649
6.7368421052631575
7.5227272727272725
8.727272727272727
4.594936708860759
3.6962025316455698
5.761904761904762
4.634920634920635
7.041666666666667
4.069444444444445
7.242857142857143
4.185714285714286
9.32258064516129
11.806451612903226
1.3256880733944953
1.6788990825688073
2.075862068965517
3.4413793103448276
2.894230769230769
4.798076923076923
21.615384615384617
14.23076923076923
21.615384615384617
14.23076923076923
37.0
51.81818181818182
27.133333333333333
38.0
6.25
13.166666666666666
0.4398826979472141
0.9266862170087976
92.0
152.25
1.0193905817174516
1.6869806094182827
