4.370967741935484
6.483870967741935
4.234375
6.28125
7.4655172413793105
8.706896551724139
6.367647058823529
7.426470588235294
6.180327868852459
4.852459016393443
6.080645161290323
4.774193548387097
7.396825396825397
7.492063492063492
7.766666666666667
7.866666666666666
3.522222222222222
4.488888888888889
3.9135802469135803
4.987654320987654
3.5405405405405403
1.6936936936936937
6.55
3.1333333333333333
9.117647058823529
5.019607843137255
17.22222222222222
9.481481481481481
6.25
4.125
15.909090909090908
10.5
8.560975609756097
10.21951219512195
4.178571428571429
4.988095238095238
6.872340425531915
11.02127659574468
4.141025641025641
6.641025641025641
2.9389312977099236
2.9389312977099236
2.9389312977099236
2.9389312977099236
2.3664596273291925
2.857142857142857
3.772277227722772
4.554455445544554
20.1
16.25
22.333333333333332
18.055555555555557
16.0
14.263157894736842
16.0
14.263157894736842
15.909090909090908
17.136363636363637
1.070336391437309
1.1529051987767585
14.631578947368421
15.631578947368421
0.8424242424242424
0.9
