3.283333333333333
8.4
3.126984126984127
8.0
5.777777777777778
2.654320987654321
11.142857142857142
5.119047619047619
6.473684210526316
11.973684210526315
5.125
9.479166666666666
8.777777777777779
6.4
9.634146341463415
7.024390243902439
3.4444444444444446
4.838383838383838
5.328125
7.484375
3.2831858407079646
2.433628318584071
7.42
5.5
14.928571428571429
14.357142857142858
23.22222222222222
22.333333333333332
14.28
11.56
17.0
13.761904761904763
5.684210526315789
5.9298245614035086
9.257142857142858
9.657142857142857
8.826086956521738
6.869565217391305
8.826086956521738
6.869565217391305
91.0
74.5
1.7169811320754718
1.4056603773584906
1.6640625
3.9765625
2.4204545454545454
5.784090909090909
34.333333333333336
32.55555555555556
25.75
24.416666666666668
35.333333333333336
60.666666666666664
26.5
45.5
25.928571428571427
17.071428571428573
1.3296703296703296
0.8754578754578755
19.454545454545453
59.09090909090909
0.7753623188405797
2.3550724637681157
