2.56
2.392
4.1558441558441555
3.883116883116883
3.079710144927536
2.9420289855072466
6.640625
6.34375
3.2083333333333335
5.388888888888889
3.6666666666666665
6.158730158730159
4.0
10.084745762711865
3.1052631578947367
7.828947368421052
3.267857142857143
3.0714285714285716
3.7346938775510203
3.510204081632653
2.856060606060606
2.4015151515151514
4.833333333333333
4.064102564102564
3.4210526315789473
5.921052631578948
5.098039215686274
8.823529411764707
5.059701492537314
5.298507462686567
5.65
5.916666666666667
10.027027027027026
7.702702702702703
2.853846153846154
2.1923076923076925
5.893939393939394
6.136363636363637
3.8514851485148514
4.00990099009901
2.4357976653696496
0.11673151750972763
10.096774193548388
0.4838709677419355
0.9115646258503401
4.489795918367347
0.7790697674418605
3.8372093023255816
14.758620689655173
11.413793103448276
15.851851851851851
12.25925925925926
12.34375
7.8125
16.458333333333332
10.416666666666666
20.80952380952381
15.333333333333334
1.0684596577017116
0.7872860635696821
11.321428571428571
11.714285714285714
0.7885572139303483
0.8159203980099502
