1.378787878787879
2.4015151515151514
1.4
2.4384615384615387
1.7935779816513762
2.2018348623853212
8.886363636363637
10.909090909090908
1.8775510204081634
3.2142857142857144
3.4716981132075473
5.943396226415095
4.75
6.7105263157894735
4.8133333333333335
6.8
1.1711026615969582
1.4220532319391634
4.0
4.857142857142857
1.8571428571428572
0.9547038327526133
10.056603773584905
5.169811320754717
7.795454545454546
7.704545454545454
11.827586206896552
11.689655172413794
10.069767441860465
8.69767441860465
14.433333333333334
12.466666666666667
10.333333333333334
9.025641025641026
3.1984126984126986
2.7936507936507935
5.60655737704918
4.475409836065574
3.2884615384615383
2.625
2.6590038314176243
0.23371647509578544
6.803921568627451
0.5980392156862745
0.5238095238095238
3.136904761904762
0.4512820512820513
2.7025641025641027
17.2
18.65
14.333333333333334
15.541666666666666
17.761904761904763
19.0
16.217391304347824
17.347826086956523
14.423076923076923
13.153846153846153
0.8187772925764192
0.7467248908296943
25.8125
22.4375
0.8824786324786325
0.7670940170940171
