3.265486725663717
2.1150442477876106
3.236842105263158
2.0964912280701755
2.0795454545454546
2.0454545454545454
7.176470588235294
7.0588235294117645
3.4597701149425286
3.528735632183908
3.541176470588235
3.611764705882353
2.607594936708861
6.582278481012659
2.21505376344086
5.591397849462366
1.5895196506550218
1.519650655021834
4.7272727272727275
4.51948051948052
1.7582417582417582
1.2454212454212454
14.545454545454545
10.303030303030303
3.925925925925926
9.25925925925926
5.435897435897436
12.820512820512821
7.957446808510638
9.48936170212766
8.130434782608695
9.695652173913043
5.12280701754386
5.298245614035087
3.4761904761904763
3.5952380952380953
6.344827586206897
6.413793103448276
4.433734939759036
4.481927710843373
1.8401253918495297
0.0219435736677116
25.52173913043478
0.30434782608695654
0.9753086419753086
3.5925925925925926
0.8777777777777778
3.2333333333333334
7.761904761904762
8.714285714285714
13.04
14.64
10.974358974358974
10.564102564102564
15.285714285714286
14.714285714285714
9.833333333333334
9.38888888888889
0.9315789473684211
0.8894736842105263
16.3125
36.1875
0.6525
1.4475
