2.56
3.72
2.4615384615384617
3.576923076923077
4.436893203883495
4.116504854368932
9.14
8.48
1.8166666666666667
6.033333333333333
1.5571428571428572
5.171428571428572
6.314814814814815
10.0
4.4868421052631575
7.105263157894737
2.3225806451612905
2.3419354838709676
6.206896551724138
6.258620689655173
1.864864864864865
2.389189189189189
12.321428571428571
15.785714285714286
11.162162162162161
8.378378378378379
12.515151515151516
9.393939393939394
13.763157894736842
6.947368421052632
16.34375
8.25
5.6875
5.645833333333333
7.8
7.742857142857143
8.621621621621621
13.216216216216216
6.934782608695652
10.630434782608695
43.714285714285715
34.0
1.8433734939759037
1.4337349397590362
4.858823529411764
4.647058823529412
4.693181818181818
4.488636363636363
10.96875
12.0
15.26086956521739
16.695652173913043
16.133333333333333
9.7
19.36
11.64
14.413793103448276
10.931034482758621
2.4302325581395348
1.8430232558139534
9.380952380952381
27.523809523809526
1.0944444444444446
3.2111111111111112
