3.062015503875969
1.565891472868217
3.691588785046729
1.8878504672897196
2.590062111801242
1.9875776397515528
5.56
4.266666666666667
2.8275862068965516
4.0344827586206895
4.472727272727273
6.381818181818182
5.890909090909091
7.509090909090909
3.7241379310344827
4.747126436781609
1.8663594470046083
1.0368663594470047
5.785714285714286
3.2142857142857144
1.2124542124542124
2.2014652014652016
23.642857142857142
42.92857142857143
3.8085106382978724
9.595744680851064
4.068181818181818
10.25
10.0
8.64
12.195121951219512
10.536585365853659
32.714285714285715
24.785714285714285
3.7235772357723578
2.821138211382114
4.775862068965517
4.344827586206897
3.5063291139240507
3.189873417721519
5.0
1.2403100775193798
6.02803738317757
1.4953271028037383
1.0
17.24137931034483
0.14009661835748793
2.4154589371980677
4.05
7.85
6.230769230769231
12.076923076923077
6.2075471698113205
9.79245283018868
7.1521739130434785
11.282608695652174
18.181818181818183
14.272727272727273
1.5873015873015872
1.246031746031746
11.181818181818182
14.515151515151516
1.5311203319502074
1.987551867219917
