2.381679389312977
3.2213740458015265
4.521739130434782
6.115942028985507
2.5365853658536586
3.2357723577235773
4.0519480519480515
5.1688311688311686
6.216666666666667
6.016666666666667
7.46
7.22
7.779661016949152
4.254237288135593
9.0
4.921568627450981
0.6985294117647058
3.4779411764705883
1.3970588235294117
6.955882352941177
2.845528455284553
4.4471544715447155
4.320987654320987
6.753086419753086
2.6986301369863015
5.082191780821918
5.96969696969697
11.242424242424242
7.377358490566038
9.547169811320755
7.377358490566038
9.547169811320755
9.135135135135135
9.378378378378379
3.219047619047619
3.3047619047619046
11.547619047619047
6.523809523809524
4.85
2.74
2.178343949044586
0.0031847133757961785
18.486486486486488
0.02702702702702703
0.7401129943502824
3.5480225988700567
0.7528735632183908
3.6091954022988504
19.92
13.48
17.785714285714285
12.035714285714286
7.766666666666667
13.233333333333333
10.130434782608695
17.26086956521739
36.6875
15.5
1.384433962264151
0.5849056603773585
10.121212121212121
8.969696969696969
0.8206388206388207
0.7272727272727273
