2.35
2.8916666666666666
4.2727272727272725
5.257575757575758
3.310924369747899
3.008403361344538
5.880597014925373
5.343283582089552
4.861538461538461
4.815384615384615
8.777777777777779
8.694444444444445
6.638297872340425
9.361702127659575
5.777777777777778
8.148148148148149
2.6481481481481484
2.7314814814814814
3.5308641975308643
3.6419753086419755
2.5064102564102564
2.967948717948718
11.848484848484848
14.030303030303031
4.185185185185185
6.574074074074074
5.136363636363637
8.068181818181818
6.803571428571429
8.446428571428571
9.071428571428571
11.261904761904763
10.235294117647058
8.558823529411764
6.444444444444445
5.388888888888889
14.166666666666666
10.566666666666666
7.327586206896552
5.4655172413793105
1.3125
38.625
0.1065989847715736
3.1370558375634516
3.26890756302521
2.966386554621849
4.138297872340425
3.75531914893617
14.185185185185185
12.851851851851851
12.766666666666667
11.566666666666666
11.333333333333334
12.166666666666666
12.592592592592593
13.518518518518519
16.814814814814813
10.222222222222221
2.0921658986175116
1.271889400921659
10.5
14.678571428571429
1.3611111111111112
1.9027777777777777
