3.0
1.9268292682926829
2.6546762589928057
1.7050359712230216
2.5874125874125875
2.195804195804196
3.1092436974789917
2.638655462184874
1.8345323741007193
2.5251798561151078
2.9651162790697674
4.0813953488372094
2.0813008130081303
3.4796747967479673
2.5098039215686274
4.196078431372549
2.364102564102564
1.6051282051282052
3.6015625
2.4453125
1.81640625
1.3125
6.940298507462686
5.014925373134329
3.8641975308641974
5.691358024691358
3.7710843373493974
5.554216867469879
3.75531914893617
4.76595744680851
5.042857142857143
6.4
7.1063829787234045
6.9787234042553195
1.2996108949416343
1.2762645914396886
2.5765765765765765
3.081081081081081
1.4818652849740932
1.7720207253886011
1.5567282321899736
0.18997361477572558
4.184397163120567
0.5106382978723404
0.7921348314606742
2.735955056179775
0.41228070175438597
1.4239766081871346
9.869565217391305
6.086956521739131
11.947368421052632
7.368421052631579
10.30232558139535
9.255813953488373
10.804878048780488
9.707317073170731
6.818181818181818
6.527272727272727
0.5474452554744526
0.5240875912408759
13.571428571428571
26.476190476190474
0.3963838664812239
0.7732962447844228
