2.808988764044944
6.168539325842697
8.064516129032258
17.70967741935484
5.5
5.863636363636363
6.722222222222222
7.166666666666667
11.21875
13.75
9.972222222222221
12.222222222222221
15.588235294117647
6.470588235294118
15.588235294117647
6.470588235294118
1.984375
6.65625
1.7162162162162162
5.756756756756757
2.1686746987951806
6.963855421686747
3.272727272727273
10.50909090909091
10.166666666666666
8.266666666666667
15.25
12.4
14.384615384615385
14.76923076923077
15.583333333333334
16.0
24.27777777777778
24.61111111111111
13.242424242424242
13.424242424242424
11.925925925925926
12.851851851851851
13.416666666666666
14.458333333333334
6.666666666666667
6.666666666666667
6.567164179104478
6.567164179104478
4.622641509433962
8.0
3.0625
5.3
14.666666666666666
15.666666666666666
11.733333333333333
12.533333333333333
8.25925925925926
13.333333333333334
8.25925925925926
13.333333333333334
25.55
10.85
4.6454545454545455
1.9727272727272727
9.666666666666666
8.0
3.288659793814433
2.7216494845360826
