1.7555555555555555
2.674074074074074
2.0608695652173914
3.139130434782609
2.0697674418604652
2.4767441860465116
4.564102564102564
5.461538461538462
3.4936708860759493
4.075949367088608
2.845360824742268
3.3195876288659796
4.32258064516129
4.086021505376344
4.843373493975903
4.578313253012048
2.4074074074074074
1.3544973544973544
4.840425531914893
2.723404255319149
1.2613065326633166
2.678391959798995
2.988095238095238
6.345238095238095
5.094117647058823
3.2705882352941176
7.4655172413793105
4.793103448275862
8.234375
4.015625
6.670886075949367
3.2531645569620253
3.392857142857143
3.9642857142857144
3.6538461538461537
4.269230769230769
4.886363636363637
3.772727272727273
5.8108108108108105
4.486486486486487
2.4
121.2
0.03870967741935484
1.9548387096774194
2.090909090909091
2.857142857142857
2.0
2.732919254658385
9.452380952380953
8.80952380952381
11.676470588235293
10.882352941176471
6.352941176470588
7.921568627450981
12.96
16.16
21.391304347826086
11.956521739130435
1.3015873015873016
0.7275132275132276
11.5625
11.1875
1.002710027100271
0.9701897018970189
