1.0565371024734982
1.1236749116607774
2.3359375
2.484375
2.073746312684366
0.1710914454277286
9.76388888888889
0.8055555555555556
2.097560975609756
5.426829268292683
1.5925925925925926
4.12037037037037
4.179245283018868
3.0
5.273809523809524
3.7857142857142856
1.5859375
1.5078125
2.2681564245810057
2.1564245810055866
0.8909090909090909
0.8363636363636363
6.86
6.44
6.261904761904762
3.1666666666666665
6.414634146341464
3.2439024390243905
5.947368421052632
5.719298245614035
3.110091743119266
2.9908256880733943
3.323809523809524
4.447619047619048
2.0057471264367814
2.6839080459770117
4.052631578947368
0.8771929824561403
2.8
0.6060606060606061
1.3203883495145632
1.3203883495145632
1.3161290322580645
1.3161290322580645
0.9903225806451613
0.8225806451612904
0.9935275080906149
0.8252427184466019
11.6
10.333333333333334
8.7
7.75
5.235294117647059
61.11764705882353
4.944444444444445
57.72222222222222
0.3805104408352668
0.382830626450116
0.37962962962962965
0.3819444444444444
2.411764705882353
30.764705882352942
0.09891435464414958
1.261761158021713
