2.1044776119402986
6.059701492537314
2.517857142857143
7.25
5.0
5.636363636363637
8.369565217391305
9.434782608695652
4.586206896551724
4.844827586206897
7.6
8.028571428571428
9.871794871794872
11.128205128205128
7.12962962962963
8.037037037037036
2.7866666666666666
4.2
3.028985507246377
4.565217391304348
2.3675213675213675
5.82051282051282
10.25925925925926
25.22222222222222
5.022222222222222
6.622222222222222
8.37037037037037
11.037037037037036
10.325581395348838
11.953488372093023
15.310344827586206
17.724137931034484
10.866666666666667
10.233333333333333
6.791666666666667
6.395833333333333
11.744186046511627
5.3023255813953485
14.428571428571429
6.514285714285714
3.511111111111111
3.522222222222222
3.4725274725274726
3.4835164835164836
3.3777777777777778
4.766666666666667
3.340659340659341
4.714285714285714
20.61904761904762
16.38095238095238
16.037037037037038
12.74074074074074
15.148148148148149
10.962962962962964
19.476190476190474
14.095238095238095
23.57894736842105
17.31578947368421
2.3333333333333335
1.7135416666666667
15.7
19.55
1.643979057591623
2.0471204188481678
