0.9590643274853801
2.192982456140351
1.0314465408805031
2.358490566037736
1.5172413793103448
1.8232758620689655
3.5918367346938775
4.316326530612245
0.9439252336448598
4.093457943925234
0.9351851851851852
4.055555555555555
2.5945945945945947
4.387387387387387
2.769230769230769
4.6826923076923075
1.425
1.36875
1.4901960784313726
1.4313725490196079
4.188571428571429
2.0742857142857143
5.311594202898551
2.630434782608696
1.781512605042017
1.9747899159663866
1.8761061946902655
2.079646017699115
4.01875
2.83125
8.930555555555555
6.291666666666667
3.972972972972973
3.810810810810811
6.391304347826087
6.130434782608695
5.979166666666667
9.395833333333334
3.986111111111111
6.263888888888889
13.26086956521739
11.782608695652174
1.4950980392156863
1.3284313725490196
3.9223300970873787
3.2427184466019416
3.2580645161290325
2.693548387096774
2.2357723577235773
3.821138211382114
2.989130434782609
5.108695652173913
2.3253968253968256
4.007936507936508
3.292134831460674
5.674157303370786
8.44
6.46
5.146341463414634
3.9390243902439024
6.728813559322034
6.796610169491525
5.438356164383562
5.493150684931507
