2.381443298969072
3.9072164948453607
2.8875
4.7375
5.2254901960784315
1.9901960784313726
7.1066666666666665
2.7066666666666666
4.459016393442623
5.540983606557377
4.771929824561403
5.9298245614035086
7.523076923076923
3.8
9.226415094339623
4.660377358490566
2.9401709401709404
2.7777777777777777
3.8222222222222224
3.611111111111111
0.7909604519774012
3.672316384180791
4.666666666666667
21.666666666666668
6.023809523809524
9.904761904761905
5.5
9.043478260869565
6.4
7.963636363636364
10.666666666666666
13.272727272727273
4.0256410256410255
4.358974358974359
5.322033898305085
5.762711864406779
6.557142857142857
3.3285714285714287
6.850746268656716
3.4776119402985075
1.2
64.2
0.05429864253393665
2.9049773755656108
2.8595041322314048
2.8595041322314048
3.1454545454545455
3.1454545454545455
15.814814814814815
11.592592592592593
28.466666666666665
20.866666666666667
16.894736842105264
20.94736842105263
13.956521739130435
17.304347826086957
14.115384615384615
14.346153846153847
1.2233333333333334
1.2433333333333334
46.5
25.4
1.4715189873417722
0.8037974683544303
