1.5126903553299493
1.898477157360406
5.622641509433962
7.056603773584905
1.901639344262295
1.901639344262295
5.1940298507462686
5.1940298507462686
5.111111111111111
5.555555555555555
5.75
6.25
6.0
7.647058823529412
4.5
5.735294117647059
2.2903225806451615
2.043010752688172
6.0
5.352112676056338
2.6466165413533833
2.481203007518797
2.838709677419355
2.661290322580645
5.478260869565218
6.202898550724638
8.790697674418604
9.953488372093023
4.253333333333333
4.84
8.621621621621621
9.81081081081081
3.4086021505376345
3.5161290322580645
5.031746031746032
5.190476190476191
6.222222222222222
3.8333333333333335
5.333333333333333
3.2857142857142856
4.0625
36.1875
0.19519519519519518
1.7387387387387387
1.3944444444444444
2.6277777777777778
1.485207100591716
2.798816568047337
16.105263157894736
15.421052631578947
18.0
17.235294117647058
29.466666666666665
29.8
21.047619047619047
21.285714285714285
11.217391304347826
14.826086956521738
0.57847533632287
0.7645739910313901
16.157894736842106
30.63157894736842
0.6822222222222222
1.2933333333333332
