1.5218579234972678
0.4453551912568306
2.8860103626943006
0.844559585492228
0.4826666666666667
0.9866666666666667
0.9836956521739131
2.010869565217391
2.5792682926829267
1.8109756097560976
3.253846153846154
2.2846153846153845
1.2894736842105263
2.335526315789474
1.380281690140845
2.5
1.2147239263803682
0.8098159509202454
1.98
1.32
0.9295154185022027
2.907488986784141
0.705685618729097
2.2073578595317724
1.6459627329192548
2.453416149068323
1.5963855421686748
2.3795180722891565
2.523529411764706
2.6
2.732484076433121
2.8152866242038215
1.3557692307692308
1.2980769230769231
2.495575221238938
2.3893805309734515
1.9252873563218391
2.206896551724138
2.2789115646258504
2.6122448979591835
2.0197368421052633
1.611842105263158
0.9029411764705882
0.7205882352941176
0.7545454545454545
2.5136363636363637
0.6102941176470589
2.0330882352941178
5.035714285714286
3.9166666666666665
8.294117647058824
6.450980392156863
4.057471264367816
4.896551724137931
7.354166666666667
8.875
7.64
7.4
0.60828025477707
0.589171974522293
11.125
13.21875
0.5510835913312694
0.6547987616099071
