1.723809523809524
4.123809523809523
2.4133333333333336
5.773333333333333
2.6666666666666665
4.398148148148148
4.0
6.597222222222222
3.742857142857143
5.0285714285714285
5.137254901960785
6.901960784313726
6.327586206896552
6.827586206896552
5.825396825396825
6.285714285714286
2.8125
2.4765625
4.090909090909091
3.602272727272727
4.0
3.5688073394495414
4.074766355140187
3.635514018691589
6.62
6.92
9.457142857142857
9.885714285714286
8.085106382978724
9.46808510638298
10.0
11.710526315789474
5.1571428571428575
4.742857142857143
5.3088235294117645
4.882352941176471
6.140625
4.546875
5.3108108108108105
3.9324324324324325
317.5
29.0
1.8039772727272727
0.16477272727272727
1.1021505376344085
2.575268817204301
1.2202380952380953
2.8511904761904763
15.0
17.217391304347824
14.375
16.5
14.565217391304348
18.52173913043478
13.958333333333334
17.75
19.904761904761905
15.380952380952381
0.9858490566037735
0.7617924528301887
18.142857142857142
18.095238095238095
0.8985849056603774
0.8962264150943396
