1.4244604316546763
2.5035971223021583
1.5714285714285714
2.761904761904762
2.4202127659574466
1.6382978723404256
5.909090909090909
4.0
2.9166666666666665
2.7708333333333335
5.384615384615385
5.115384615384615
5.956521739130435
5.101449275362318
5.2025316455696204
4.455696202531645
0.9752650176678446
0.8162544169611308
4.451612903225806
3.725806451612903
1.950657894736842
1.332236842105263
14.463414634146341
9.878048780487806
5.970588235294118
8.941176470588236
5.970588235294118
8.941176470588236
10.5
17.22222222222222
11.8125
19.375
15.0
13.571428571428571
7.682926829268292
6.951219512195122
12.5625
9.59375
13.4
10.233333333333333
4.054054054054054
4.054054054054054
4.0
4.0
4.282051282051282
4.8076923076923075
4.704225352112676
5.28169014084507
6.651162790697675
9.906976744186046
7.526315789473684
11.210526315789474
6.923076923076923
8.326923076923077
12.413793103448276
14.931034482758621
8.95
8.85
3.977777777777778
3.933333333333333
31.181818181818183
40.90909090909091
2.8823529411764706
3.7815126050420167
