1.9785714285714286
2.9
2.252032520325203
3.3008130081300813
2.6742857142857144
1.96
5.318181818181818
3.897727272727273
3.045045045045045
3.108108108108108
4.5675675675675675
4.662162162162162
5.625
4.5125
4.285714285714286
3.4380952380952383
2.4962962962962965
1.6592592592592592
2.4420289855072466
1.6231884057971016
1.5591836734693878
1.7183673469387755
13.642857142857142
15.035714285714286
2.1578947368421053
3.7473684210526317
2.5625
4.45
4.114942528735632
5.114942528735632
4.068181818181818
5.056818181818182
8.897435897435898
12.64102564102564
2.443661971830986
3.471830985915493
5.408450704225352
3.8028169014084505
3.4909090909090907
2.4545454545454546
2.121212121212121
2.121212121212121
2.121212121212121
2.121212121212121
1.2666666666666666
2.0871794871794873
1.228855721393035
2.0248756218905473
5.967741935483871
5.32258064516129
9.024390243902438
8.048780487804878
4.942857142857143
4.542857142857143
10.484848484848484
9.636363636363637
13.461538461538462
13.461538461538462
0.78125
0.78125
9.294117647058824
10.235294117647058
0.7181818181818181
0.7909090909090909
