3.45
4.3875
3.1724137931034484
4.0344827586206895
3.1451612903225805
3.314516129032258
9.069767441860465
9.55813953488372
3.8714285714285714
5.085714285714285
5.113207547169812
6.716981132075472
5.4375
7.078125
5.898305084745763
7.677966101694915
1.3620689655172413
3.7586206896551726
2.5901639344262297
7.147540983606557
2.5315315315315314
5.405405405405405
4.257575757575758
9.090909090909092
1.6481481481481481
9.351851851851851
1.5084745762711864
8.559322033898304
5.852459016393443
8.59016393442623
6.865384615384615
10.076923076923077
10.515151515151516
11.151515151515152
5.688524590163935
6.032786885245901
11.333333333333334
6.948717948717949
8.036363636363637
4.927272727272728
3.0434782608695654
0.06521739130434782
20.58823529411765
0.4411764705882353
1.817391304347826
4.3826086956521735
1.4026845637583893
3.38255033557047
10.052631578947368
10.105263157894736
13.642857142857142
13.714285714285714
8.266666666666667
7.488888888888889
17.714285714285715
16.047619047619047
22.61111111111111
19.944444444444443
1.4854014598540146
1.3102189781021898
12.89655172413793
11.551724137931034
1.4220532319391634
1.273764258555133
