2.15702479338843
3.15702479338843
6.214285714285714
9.095238095238095
3.3706896551724137
2.439655172413793
8.319148936170214
6.0212765957446805
6.574468085106383
7.1063829787234045
6.3061224489795915
6.816326530612245
7.204081632653061
6.551020408163265
7.51063829787234
6.829787234042553
2.642857142857143
3.7142857142857144
4.111111111111111
5.777777777777778
2.860869565217391
3.3304347826086955
4.768115942028985
5.550724637681159
8.930232558139535
7.627906976744186
12.0
10.25
7.025
10.775
8.028571428571428
12.314285714285715
6.125
5.017857142857143
7.297872340425532
5.9787234042553195
7.739130434782608
7.326086956521739
6.245614035087719
5.912280701754386
6.423076923076923
17.576923076923077
0.7260869565217392
1.9869565217391305
3.3529411764705883
2.4705882352941178
2.9124087591240877
2.145985401459854
14.4
10.45
12.521739130434783
9.08695652173913
18.3125
39.625
10.851851851851851
23.48148148148148
7.421052631578948
5.657894736842105
1.014388489208633
0.7733812949640287
4.238095238095238
39.904761904761905
0.3016949152542373
2.840677966101695
