2.7551020408163267
2.4285714285714284
2.783505154639175
2.4536082474226806
3.6040268456375837
2.402684563758389
11.673913043478262
7.782608695652174
1.7555555555555555
3.888888888888889
2.7241379310344827
6.0344827586206895
3.973684210526316
7.802631578947368
4.194444444444445
8.23611111111111
1.986842105263158
2.5328947368421053
3.5952380952380953
4.583333333333333
2.326424870466321
1.8031088082901554
10.44186046511628
8.093023255813954
3.4210526315789473
8.631578947368421
3.9
9.84
6.87719298245614
7.105263157894737
7.84
8.1
12.777777777777779
14.222222222222221
3.791208791208791
4.21978021978022
5.224137931034483
6.396551724137931
5.05
6.183333333333334
2.676470588235294
2.6838235294117645
2.676470588235294
2.6838235294117645
1.2330827067669172
3.8345864661654137
1.1798561151079137
3.6690647482014387
7.469387755102041
7.979591836734694
15.25
16.291666666666668
10.88888888888889
9.305555555555555
10.594594594594595
9.054054054054054
17.074074074074073
10.962962962962964
1.589655172413793
1.0206896551724138
12.52
16.56
1.071917808219178
1.417808219178082
