2.066666666666667
2.65
2.1565217391304348
2.765217391304348
2.907514450867052
1.7630057803468209
8.112903225806452
4.919354838709677
2.6555555555555554
3.6333333333333333
3.621212121212121
4.954545454545454
5.84375
6.78125
4.065217391304348
4.717391304347826
2.6666666666666665
2.006172839506173
3.891891891891892
2.9279279279279278
1.6302521008403361
1.5756302521008403
11.085714285714285
10.714285714285714
4.292307692307692
7.3538461538461535
5.264150943396227
9.018867924528301
5.970149253731344
5.417910447761194
7.8431372549019605
7.117647058823529
8.945945945945946
9.891891891891891
2.398550724637681
2.652173913043478
4.3977272727272725
3.2954545454545454
4.448275862068965
3.3333333333333335
1.9333333333333333
1.9388888888888889
1.9333333333333333
1.9388888888888889
1.1294117647058823
2.8529411764705883
1.0105263157894737
2.5526315789473686
13.685714285714285
8.971428571428572
21.772727272727273
14.272727272727273
11.970588235294118
9.411764705882353
17.695652173913043
13.91304347826087
16.296296296296298
13.074074074074074
0.975609756097561
0.7827050997782705
17.333333333333332
31.133333333333333
0.5615550755939525
1.0086393088552916
