3.3466666666666667
1.22
3.391891891891892
1.2364864864864864
2.850828729281768
0.850828729281768
4.410256410256411
1.3162393162393162
2.204081632653061
2.45578231292517
2.918918918918919
3.2522522522522523
2.298076923076923
4.144230769230769
1.551948051948052
2.7987012987012987
1.4224137931034482
1.3663793103448276
2.323943661971831
2.232394366197183
1.1379310344827587
1.45141065830721
6.6
8.418181818181818
2.3207547169811322
3.7830188679245285
3.236842105263158
5.276315789473684
3.310344827586207
6.183908045977011
3.031578947368421
5.663157894736842
4.469879518072289
3.891566265060241
2.6690647482014387
2.323741007194245
3.3092783505154637
3.5051546391752577
2.568
2.72
1.5021645021645023
1.5021645021645023
1.5021645021645023
1.5021645021645023
0.8607594936708861
1.9282700421940928
0.9066666666666666
2.031111111111111
5.7936507936507935
5.222222222222222
6.293103448275862
5.672413793103448
5.283950617283951
4.333333333333333
10.7
8.775
7.418181818181818
5.2
0.8031496062992126
0.562992125984252
9.868421052631579
10.631578947368421
0.7142857142857143
0.7695238095238095
