3.6
5.771428571428571
3.272727272727273
5.246753246753247
6.054054054054054
4.716216216216216
6.136986301369863
4.780821917808219
5.746031746031746
4.666666666666667
5.746031746031746
4.666666666666667
4.458823529411765
4.91764705882353
9.24390243902439
10.195121951219512
2.1666666666666665
4.559523809523809
2.4266666666666667
5.1066666666666665
3.83206106870229
2.931297709923664
17.928571428571427
13.714285714285714
1.3384615384615384
7.3538461538461535
1.7755102040816326
9.755102040816327
8.892857142857142
6.928571428571429
8.586206896551724
6.689655172413793
6.58
6.08
6.326923076923077
5.846153846153846
9.574468085106384
7.872340425531915
8.181818181818182
6.7272727272727275
3.857142857142857
86.57142857142857
0.14285714285714285
3.2063492063492065
4.016528925619835
2.760330578512397
6.48
4.453333333333333
11.363636363636363
6.681818181818182
25.0
14.7
12.558823529411764
6.764705882352941
14.233333333333333
7.666666666666667
25.833333333333332
18.27777777777778
2.1527777777777777
1.5231481481481481
14.75
18.1
1.3785046728971964
1.691588785046729
