0.9105431309904153
0.9041533546325878
3.2386363636363638
3.215909090909091
0.8200589970501475
1.4896755162241888
4.483870967741935
8.14516129032258
5.96078431372549
5.176470588235294
4.3428571428571425
3.7714285714285714
5.048387096774194
7.580645161290323
5.305084745762712
7.966101694915254
1.2611464968152866
1.4968152866242037
1.2147239263803682
1.4417177914110428
3.7719298245614037
0.07368421052631578
30.714285714285715
0.6
1.4854368932038835
2.7184466019417477
1.5454545454545454
2.8282828282828283
3.814516129032258
5.024193548387097
6.064102564102564
7.987179487179487
4.870967741935484
5.17741935483871
7.743589743589744
8.23076923076923
7.956521739130435
7.869565217391305
6.654545454545454
6.581818181818182
9.71875
9.75
2.7767857142857144
2.7857142857142856
4.828125
6.546875
3.8625
5.2375
5.0256410256410255
3.948717948717949
8.909090909090908
7.0
4.139240506329114
6.3544303797468356
7.604651162790698
11.674418604651162
5.69811320754717
7.509433962264151
4.314285714285714
5.685714285714286
14.307692307692308
17.576923076923077
3.8350515463917527
4.711340206185567
