2.5538461538461537
1.5307692307692307
2.59375
1.5546875
2.73953488372093
0.7581395348837209
13.69767441860465
3.7906976744186047
1.6914893617021276
3.9574468085106385
1.7666666666666666
4.133333333333334
4.408602150537634
3.6774193548387095
4.5054945054945055
3.758241758241758
1.460144927536232
1.5
7.462962962962963
7.666666666666667
1.4054054054054055
1.5598455598455598
5.126760563380282
5.690140845070423
7.980392156862745
8.03921568627451
6.672131147540983
6.721311475409836
8.350877192982455
5.12280701754386
8.654545454545454
5.3090909090909095
4.121621621621622
4.121621621621622
6.224489795918367
6.224489795918367
5.904761904761905
4.777777777777778
6.2
5.016666666666667
62.6
59.4
1.1258992805755397
1.0683453237410072
1.6643835616438356
2.9452054794520546
1.7737226277372262
3.1386861313868613
9.837837837837839
10.054054054054054
11.030303030303031
11.272727272727273
11.35
9.875
15.133333333333333
13.166666666666666
10.588235294117647
11.058823529411764
1.1920529801324504
1.2450331125827814
20.823529411764707
29.11764705882353
1.109717868338558
1.5517241379310345
