1.328358208955224
1.8756218905472637
3.985074626865672
5.626865671641791
1.2522522522522523
2.09009009009009
6.043478260869565
10.08695652173913
4.730769230769231
7.653846153846154
5.23404255319149
8.46808510638298
7.533333333333333
8.955555555555556
6.277777777777778
7.462962962962963
1.9213483146067416
2.0168539325842696
4.329113924050633
4.544303797468355
3.0535714285714284
2.8125
2.3586206896551722
2.1724137931034484
4.826086956521739
5.333333333333333
8.121951219512194
8.975609756097562
5.213114754098361
5.557377049180328
6.489795918367347
6.918367346938775
4.5394736842105265
3.8157894736842106
6.052631578947368
5.087719298245614
7.042857142857143
3.6857142857142855
7.825396825396825
4.095238095238095
8.58974358974359
7.6923076923076925
1.34
1.2
1.413533834586466
4.2330827067669174
1.205128205128205
3.608974358974359
14.555555555555555
20.77777777777778
12.476190476190476
17.80952380952381
18.0
20.0
17.1
19.0
14.0
14.909090909090908
0.853185595567867
0.9085872576177285
15.619047619047619
18.761904761904763
0.9060773480662984
1.0883977900552486
