1.9166666666666667
2.7196969696969697
1.9461538461538461
2.7615384615384615
3.2911392405063293
1.6898734177215189
5.0
2.5673076923076925
2.5121951219512195
2.4634146341463414
3.9615384615384617
3.8846153846153846
4.195402298850575
4.850574712643678
3.2017543859649122
3.7017543859649122
1.3236363636363637
0.18181818181818182
5.870967741935484
0.8064516129032258
0.41037735849056606
4.320754716981132
0.696
7.328
3.621212121212121
2.6515151515151514
3.9833333333333334
2.9166666666666665
5.182926829268292
7.048780487804878
9.659090909090908
13.136363636363637
17.75
16.9
5.144927536231884
4.898550724637682
6.339285714285714
6.267857142857143
10.757575757575758
10.636363636363637
3.642105263157895
3.6526315789473682
3.6041666666666665
3.6145833333333335
2.4615384615384617
5.2967032967032965
2.24
4.82
4.725
4.1
7.132075471698113
6.188679245283019
3.7676767676767677
3.414141414141414
10.970588235294118
9.941176470588236
7.5
7.8478260869565215
3.4158415841584158
3.5742574257425743
9.882352941176471
11.029411764705882
2.9734513274336285
3.3185840707964602
