1.593984962406015
1.7518796992481203
1.9813084112149533
2.177570093457944
3.1864406779661016
0.7853107344632768
8.952380952380953
2.2063492063492065
2.0238095238095237
3.2738095238095237
2.982456140350877
4.824561403508772
3.5128205128205128
5.5
4.349206349206349
6.809523809523809
1.8695652173913044
1.4492753623188406
2.324324324324324
1.8018018018018018
1.7208333333333334
3.1125
45.888888888888886
83.0
2.844155844155844
3.103896103896104
3.981818181818182
4.345454545454546
7.269230769230769
7.602564102564102
10.5
10.981481481481481
8.966666666666667
9.666666666666666
2.3805309734513274
2.566371681415929
5.75
4.767857142857143
3.7011494252873565
3.0689655172413794
1.4607329842931938
1.4659685863874345
1.453125
1.4583333333333333
0.8341232227488151
1.957345971563981
1.0232558139534884
2.4011627906976742
9.902439024390244
9.317073170731707
10.41025641025641
9.794871794871796
6.12
10.48
10.2
17.466666666666665
22.8
16.6
1.0704225352112675
0.7793427230046949
8.954545454545455
9.909090909090908
0.9800995024875622
1.0845771144278606
