2.0
1.729281767955801
5.746031746031746
4.968253968253968
2.2375690607734806
1.861878453038674
6.428571428571429
5.349206349206349
5.316666666666666
5.933333333333334
6.787234042553192
7.574468085106383
5.8
9.04
5.087719298245614
7.9298245614035086
2.5064935064935066
2.2662337662337664
4.541176470588235
4.105882352941176
2.234375
3.3125
2.5765765765765765
3.81981981981982
4.916666666666667
5.291666666666667
8.85
9.525
5.447368421052632
3.8947368421052633
11.5
8.222222222222221
2.951923076923077
2.9038461538461537
4.514705882352941
4.4411764705882355
6.242857142857143
5.3
4.284313725490196
3.6372549019607843
1.3888888888888888
32.44444444444444
0.07462686567164178
1.7432835820895523
1.2383720930232558
3.4593023255813953
1.1767955801104972
3.287292817679558
20.625
18.0625
19.41176470588235
17.0
26.8
28.266666666666666
22.333333333333332
23.555555555555557
9.966666666666667
10.666666666666666
0.6471861471861472
0.6926406926406926
18.833333333333332
50.0
0.4708333333333333
1.25
