1.5
3.5
6.428571428571429
15.0
2.622047244094488
2.8503937007874014
5.741379310344827
6.241379310344827
4.086956521739131
12.217391304347826
4.476190476190476
13.380952380952381
7.886363636363637
7.909090909090909
7.886363636363637
7.909090909090909
3.494949494949495
4.414141414141414
3.760869565217391
4.75
3.0387596899224807
1.8294573643410852
6.32258064516129
3.806451612903226
6.857142857142857
9.122448979591837
10.181818181818182
13.545454545454545
9.18918918918919
7.783783783783784
7.555555555555555
6.4
4.016666666666667
6.733333333333333
4.547169811320755
7.622641509433962
8.816326530612244
7.510204081632653
6.75
5.75
17.142857142857142
75.0
0.4166666666666667
1.8229166666666667
1.6058394160583942
4.233576642335766
1.3924050632911393
3.670886075949367
13.578947368421053
17.894736842105264
12.9
17.0
20.647058823529413
27.176470588235293
15.954545454545455
21.0
12.774193548387096
6.516129032258065
1.1715976331360947
0.5976331360946746
10.105263157894736
32.68421052631579
0.5485714285714286
1.7742857142857142
