2.9193548387096775
1.4274193548387097
3.0677966101694913
1.5
2.3314917127071824
1.707182320441989
6.918032786885246
5.065573770491803
2.475
4.2625
2.302325581395349
3.9651162790697674
2.963855421686747
5.843373493975903
2.963855421686747
5.843373493975903
1.6102564102564103
2.066666666666667
3.2371134020618557
4.154639175257732
1.5392670157068062
2.0837696335078535
2.910891089108911
3.9405940594059405
5.054054054054054
4.635135135135135
8.904761904761905
8.166666666666666
4.1625
4.4875
9.25
9.972222222222221
3.263157894736842
3.8552631578947367
1.952755905511811
2.3070866141732282
4.735294117647059
5.985294117647059
2.3851851851851853
3.0148148148148146
1.2162162162162162
1.2207207207207207
1.210762331838565
1.2152466367713004
0.7573221757322176
2.292887029288703
0.8786407766990292
2.6601941747572817
23.0625
20.75
19.42105263157895
17.473684210526315
18.647058823529413
23.0
17.61111111111111
21.72222222222222
15.952380952380953
17.428571428571427
0.5658783783783784
0.6182432432432432
21.529411764705884
20.11764705882353
0.6140939597315436
0.5738255033557047
