1.9804878048780488
1.0390243902439025
2.839160839160839
1.4895104895104896
2.110344827586207
0.22413793103448276
10.551724137931034
1.1206896551724137
2.4152542372881354
2.830508474576271
2.111111111111111
2.474074074074074
3.2977099236641223
1.8702290076335877
3.540983606557377
2.0081967213114753
1.7380952380952381
1.369047619047619
3.1739130434782608
2.5
1.7914438502673797
1.3368983957219251
1.6502463054187193
1.2315270935960592
3.593984962406015
2.293233082706767
6.128205128205129
3.91025641025641
1.8776978417266188
2.3309352517985613
3.625
4.5
0.9311926605504587
1.3073394495412844
1.5984251968503937
2.2440944881889764
1.316831683168317
2.6831683168316833
1.8601398601398602
3.7902097902097904
3.9107142857142856
4.803571428571429
0.4572025052192067
0.5615866388308977
1.0639097744360901
1.9736842105263157
1.0520446096654275
1.9516728624535316
9.692307692307692
6.846153846153846
9.0
6.357142857142857
12.91304347826087
27.869565217391305
9.580645161290322
20.677419354838708
4.2
5.355555555555555
0.24199743918053776
0.3085787451984635
3.129032258064516
27.129032258064516
0.1220125786163522
1.0578616352201258
