1.041025641025641
0.5717948717948718
3.5
1.9224137931034482
1.0954773869346734
0.5050251256281407
4.037037037037037
1.8611111111111112
2.175925925925926
3.6481481481481484
3.4558823529411766
5.794117647058823
2.2298850574712645
5.091954022988506
2.1797752808988764
4.977528089887641
1.3647540983606556
1.2581967213114753
1.4541484716157205
1.3406113537117903
0.7189054726368159
1.6343283582089552
4.070422535211268
9.253521126760564
2.4468085106382977
2.0921985815602837
5.073529411764706
4.338235294117647
2.8503937007874014
4.5984251968503935
4.414634146341464
7.121951219512195
2.7837837837837838
2.3783783783783785
2.2888888888888888
1.9555555555555555
2.715686274509804
4.078431372549019
1.9236111111111112
2.888888888888889
1.3550135501355014
0.1978319783197832
3.3112582781456954
0.48344370860927155
0.7556818181818182
3.1818181818181817
0.3866279069767442
1.627906976744186
11.735294117647058
8.882352941176471
11.4
8.628571428571428
10.08108108108108
13.837837837837839
11.65625
16.0
10.523809523809524
6.166666666666667
0.6748091603053435
0.39541984732824426
8.666666666666666
20.833333333333332
0.38980509745127434
0.9370314842578711
