1.2616279069767442
1.9534883720930232
1.185792349726776
1.8360655737704918
2.5387755102040814
0.47346938775510206
5.654545454545454
1.0545454545454545
1.2148760330578512
3.355371900826446
0.9671052631578947
2.6710526315789473
2.132867132867133
3.027972027972028
2.3461538461538463
3.330769230769231
1.3668831168831168
1.2402597402597402
2.263440860215054
2.053763440860215
1.1246537396121883
0.9750692520775623
3.0526315789473686
2.6466165413533833
6.518518518518518
3.3950617283950617
9.962264150943396
5.188679245283019
5.243589743589744
4.4743589743589745
7.303571428571429
6.232142857142857
2.234042553191489
2.5673758865248226
1.9444444444444444
2.234567901234568
2.522875816993464
1.4901960784313726
2.5733333333333333
1.52
1.161512027491409
1.1649484536082475
1.161512027491409
1.1649484536082475
0.9907407407407407
0.904320987654321
1.244186046511628
1.1356589147286822
16.24
8.8
15.615384615384615
8.461538461538462
19.7
27.05
12.709677419354838
17.451612903225808
5.4
7.12
0.34438775510204084
0.45408163265306123
25.0625
33.375
0.4902200488997555
0.6528117359413202
