1.923913043478261
2.1032608695652173
4.425
4.8375
2.7808988764044944
0.6741573033707865
5.755813953488372
1.3953488372093024
3.2285714285714286
7.357142857142857
3.013333333333333
6.866666666666666
3.054054054054054
5.256756756756757
3.183098591549296
5.47887323943662
2.2941176470588234
2.7941176470588234
2.1971830985915495
2.676056338028169
1.6793248945147679
1.4852320675105486
9.707317073170731
8.585365853658537
4.2405063291139244
4.518987341772152
6.4423076923076925
6.865384615384615
4.487804878048781
4.658536585365853
7.510204081632653
7.795918367346939
4.117647058823529
3.9529411764705884
4.605263157894737
4.421052631578948
5.190476190476191
5.444444444444445
3.336734693877551
3.5
1.625
84.125
0.03494623655913978
1.8091397849462365
1.190721649484536
2.2628865979381443
1.2419354838709677
2.360215053763441
22.941176470588236
18.88235294117647
19.5
16.05
19.88235294117647
23.11764705882353
16.9
19.65
14.214285714285714
11.178571428571429
0.8361344537815126
0.657563025210084
20.533333333333335
28.2
0.6298568507157464
0.8650306748466258
