1.2516556291390728
1.390728476821192
1.243421052631579
1.381578947368421
1.8225806451612903
1.564516129032258
8.218181818181819
7.054545454545455
0.8181818181818182
2.809090909090909
1.1111111111111112
3.814814814814815
3.4705882352941178
6.411764705882353
2.7830188679245285
5.1415094339622645
0.34105960264900664
1.3609271523178808
1.271604938271605
5.074074074074074
1.2857142857142858
2.0031055900621118
6.786885245901639
10.573770491803279
2.44
4.413333333333333
5.083333333333333
9.194444444444445
6.389830508474576
11.559322033898304
7.25
13.115384615384615
4.1525423728813555
4.694915254237288
2.378640776699029
2.6893203883495147
5.014705882352941
5.529411764705882
3.627659574468085
4.0
1.3523316062176165
1.3523316062176165
1.3523316062176165
1.3523316062176165
0.8928571428571429
2.3080357142857144
1.2345679012345678
3.191358024691358
10.093023255813954
7.976744186046512
11.128205128205128
8.794871794871796
9.186046511627907
9.325581395348838
10.128205128205128
10.282051282051283
18.0
15.782608695652174
0.9345372460496614
0.8194130925507901
7.469387755102041
8.775510204081632
0.8776978417266187
1.0311750599520384
