1.0727272727272728
2.1333333333333333
1.4508196721311475
2.8852459016393444
2.755
1.61
6.333333333333333
3.7011494252873565
1.926605504587156
2.926605504587156
1.9444444444444444
2.9537037037037037
3.780952380952381
4.533333333333333
3.544642857142857
4.25
1.8439024390243903
1.4536585365853658
2.8421052631578947
2.2406015037593985
1.7394957983193278
1.449579831932773
4.14
3.45
3.6206896551724137
4.149425287356322
3.9873417721518987
4.569620253164557
3.2477064220183487
3.7155963302752295
6.2105263157894735
7.105263157894737
2.8962264150943398
3.669811320754717
3.1979166666666665
4.052083333333333
3.926605504587156
2.55045871559633
4.602150537634409
2.989247311827957
19.0
677.0
0.03941908713692946
1.404564315352697
1.2408163265306122
1.6408163265306122
1.2773109243697478
1.6890756302521008
9.1
9.15
10.4
10.457142857142857
8.789473684210526
9.763157894736842
9.027027027027026
10.027027027027026
8.318181818181818
8.272727272727273
0.6466431095406361
0.6431095406360424
9.8125
12.21875
0.5432525951557093
0.6764705882352942
