2.977272727272727
3.6704545454545454
2.5436893203883497
3.1359223300970873
2.7054794520547945
2.863013698630137
8.777777777777779
9.28888888888889
2.264705882352941
6.338235294117647
2.138888888888889
5.986111111111111
4.361111111111111
6.930555555555555
4.617647058823529
7.338235294117647
1.6730769230769231
2.7884615384615383
3.107142857142857
5.178571428571429
2.142857142857143
1.8677248677248677
7.9411764705882355
6.921568627450981
4.927272727272728
7.7272727272727275
7.527777777777778
11.805555555555555
7.1454545454545455
6.636363636363637
10.916666666666666
10.13888888888889
3.8974358974358974
4.0256410256410255
6.909090909090909
7.136363636363637
7.8979591836734695
8.020408163265307
5.301369863013699
5.383561643835616
13.416666666666666
38.083333333333336
0.706140350877193
2.004385964912281
3.105691056910569
3.2357723577235773
3.264957264957265
3.4017094017094016
16.304347826086957
16.608695652173914
15.625
15.916666666666666
14.333333333333334
14.708333333333334
14.956521739130435
15.347826086956522
17.04
13.24
1.4689655172413794
1.1413793103448275
14.428571428571429
18.761904761904763
1.030612244897959
1.3401360544217686
