1.8211382113821137
2.6504065040650406
4.072727272727272
5.927272727272728
2.6470588235294117
5.369747899159663
5.338983050847458
10.830508474576272
2.742424242424242
5.590909090909091
3.62
7.38
5.354166666666667
14.520833333333334
3.7794117647058822
10.25
2.016260162601626
3.951219512195122
3.3066666666666666
6.48
2.980952380952381
3.0
3.3655913978494625
3.3870967741935485
5.078125
6.390625
10.15625
12.78125
5.709677419354839
4.419354838709677
10.411764705882353
8.058823529411764
5.052631578947368
6.087719298245614
3.388235294117647
4.08235294117647
8.59322033898305
6.135593220338983
6.108433734939759
4.36144578313253
1.7909604519774012
1.7966101694915255
1.7909604519774012
1.7966101694915255
1.1979695431472082
3.213197969543147
1.5031847133757963
4.031847133757962
22.27777777777778
16.27777777777778
16.708333333333332
12.208333333333334
17.1
16.3
15.545454545454545
14.818181818181818
12.642857142857142
12.142857142857142
0.8309859154929577
0.7981220657276995
11.846153846153847
13.846153846153847
0.719626168224299
0.8411214953271028
