2.0421686746987953
2.2289156626506026
7.369565217391305
8.043478260869565
2.3636363636363638
1.7077922077922079
6.275862068965517
4.5344827586206895
9.488888888888889
6.266666666666667
9.085106382978724
6.0
7.8
6.133333333333334
7.468085106382978
5.872340425531915
4.189655172413793
2.586206896551724
5.926829268292683
3.658536585365854
3.4198473282442747
2.2595419847328246
6.686567164179104
4.417910447761194
6.9
6.2
9.0
8.08695652173913
5.377049180327869
6.819672131147541
7.288888888888889
9.244444444444444
2.811111111111111
3.511111111111111
5.06
6.32
4.7101449275362315
6.405797101449275
4.577464788732394
6.225352112676056
30.833333333333332
64.0
0.583596214511041
1.2113564668769716
2.0140845070422535
3.387323943661972
1.580110497237569
2.657458563535912
11.3
16.2
10.272727272727273
14.727272727272727
18.714285714285715
27.952380952380953
18.714285714285715
27.952380952380953
9.821428571428571
9.821428571428571
0.6997455470737913
0.6997455470737913
26.857142857142858
43.142857142857146
0.9238329238329238
1.484029484029484
