1.8773584905660377
1.1226415094339623
3.98
2.38
1.5284552845528456
1.2926829268292683
5.696969696969697
4.818181818181818
3.2162162162162162
5.378378378378378
2.5319148936170213
4.23404255319149
3.0833333333333335
5.178571428571429
3.0833333333333335
5.178571428571429
2.1336206896551726
1.5603448275862069
4.267241379310345
3.1206896551724137
2.407035175879397
0.864321608040201
3.214765100671141
1.1543624161073827
6.186046511627907
3.7790697674418605
11.565217391304348
7.065217391304348
5.258064516129032
5.241935483870968
4.6571428571428575
4.642857142857143
2.2071428571428573
2.4214285714285713
2.7837837837837838
3.054054054054054
2.314814814814815
4.0
1.7482517482517483
3.020979020979021
1.3443983402489628
1.3443983402489628
1.3388429752066116
1.3388429752066116
0.8333333333333334
1.75
1.004566210045662
2.1095890410958904
12.958333333333334
5.583333333333333
14.136363636363637
6.090909090909091
12.857142857142858
37.76190476190476
10.8
31.72
5.852941176470588
7.235294117647059
0.30428134556574926
0.3761467889908257
14.142857142857142
61.785714285714285
0.29376854599406527
1.2833827893175074
