5.423076923076923
2.7948717948717947
5.565789473684211
2.8684210526315788
3.676190476190476
4.095238095238095
7.877551020408164
8.775510204081632
3.3529411764705883
4.188235294117647
8.636363636363637
10.787878787878787
4.22
12.1
3.1029411764705883
8.897058823529411
2.8461538461538463
3.0427350427350426
4.826086956521739
5.159420289855072
2.371212121212121
3.015151515151515
5.796296296296297
7.37037037037037
6.5
6.2592592592592595
10.96875
10.5625
6.803921568627451
7.137254901960785
9.914285714285715
10.4
11.310344827586206
15.413793103448276
3.6444444444444444
4.966666666666667
6.619047619047619
4.2063492063492065
7.446428571428571
4.732142857142857
3.1745283018867925
0.4811320754716981
8.74025974025974
1.3246753246753247
1.7469879518072289
6.469879518072289
0.7038834951456311
2.6067961165048543
17.31578947368421
18.0
15.666666666666666
16.285714285714285
15.31578947368421
23.05263157894737
13.857142857142858
20.857142857142858
16.227272727272727
14.272727272727273
1.0317919075144508
0.9075144508670521
13.55
22.9
0.7787356321839081
1.3160919540229885
