1.6877828054298643
1.5339366515837105
2.9140625
2.6484375
2.347107438016529
0.36363636363636365
5.308411214953271
0.822429906542056
3.6161616161616164
3.5757575757575757
3.977777777777778
3.933333333333333
6.160919540229885
1.3793103448275863
5.254901960784314
1.1764705882352942
1.7555555555555555
1.768888888888889
2.5
2.518987341772152
0.9777070063694268
1.0668789808917198
4.449275362318841
4.855072463768116
7.776315789473684
2.6578947368421053
7.481012658227848
2.5569620253164556
4.516129032258065
5.838709677419355
3.010752688172043
3.89247311827957
3.0310077519379846
2.441860465116279
3.178861788617886
2.5609756097560976
4.105691056910569
1.2764227642276422
3.9147286821705425
1.2170542635658914
1.0921052631578947
8.197368421052632
0.20048309178743962
1.5048309178743962
1.5977443609022557
0.8909774436090225
1.8973214285714286
1.0580357142857142
10.64
4.16
10.64
4.16
7.9375
58.625
3.735294117647059
27.58823529411765
8.097560975609756
0.926829268292683
0.5099846390168971
0.05837173579109063
1.0
27.783783783783782
0.05648854961832061
1.5694656488549619
