1.8985507246376812
2.282608695652174
2.62
3.15
2.6187845303867405
1.8121546961325967
8.31578947368421
5.754385964912281
3.5316455696202533
3.7721518987341773
4.5
4.806451612903226
7.573770491803279
5.573770491803279
5.775
4.25
0.8666666666666667
1.9757575757575758
1.1721311475409837
2.6721311475409837
1.4771784232365146
2.5062240663900415
7.739130434782608
13.130434782608695
4.483333333333333
3.3333333333333335
8.40625
6.25
5.573770491803279
10.163934426229508
10.96774193548387
20.0
9.685714285714285
11.257142857142858
2.511111111111111
2.9185185185185185
3.6341463414634148
4.2439024390243905
3.3863636363636362
3.9545454545454546
3.3076923076923075
0.00904977375565611
6.194915254237288
0.01694915254237288
0.8333333333333334
3.011904761904762
0.8187134502923976
2.9590643274853803
17.52
15.32
16.846153846153847
14.73076923076923
10.541666666666666
14.791666666666666
9.37037037037037
13.148148148148149
27.142857142857142
31.5
0.8558558558558559
0.9932432432432432
9.342857142857143
8.028571428571428
0.7730496453900709
0.6643026004728132
