3.3440860215053765
4.473118279569892
2.853211009174312
3.81651376146789
2.8
2.12
8.076923076923077
6.115384615384615
3.097560975609756
5.7682926829268295
5.08
9.46
3.0303030303030303
8.151515151515152
3.0303030303030303
8.151515151515152
3.1328125
2.375
3.8190476190476192
2.895238095238095
2.88
1.46
5.204819277108434
2.63855421686747
5.67741935483871
5.693548387096774
9.025641025641026
9.051282051282051
5.144927536231884
4.2898550724637685
11.09375
9.25
4.873239436619718
4.028169014084507
4.070588235294117
3.364705882352941
6.132075471698113
9.584905660377359
3.1553398058252426
4.932038834951456
0.5072463768115942
8.652173913043478
0.13257575757575757
2.2613636363636362
1.829268292682927
2.234146341463415
2.9296875
3.578125
27.181818181818183
34.72727272727273
17.58823529411765
22.470588235294116
26.0
25.923076923076923
22.533333333333335
22.466666666666665
19.428571428571427
13.0
0.9272727272727272
0.6204545454545455
15.8125
26.375
0.5685393258426966
0.9483146067415731
