4.0
6.03921568627451
2.372093023255814
3.5813953488372094
5.531645569620253
5.974683544303797
7.5344827586206895
8.137931034482758
2.3194444444444446
4.791666666666667
2.2266666666666666
4.6
4.529411764705882
8.838235294117647
3.8987341772151898
7.6075949367088604
3.4642857142857144
4.241071428571429
4.790123456790123
5.864197530864198
3.223076923076923
1.7692307692307692
6.650793650793651
3.6507936507936507
10.18867924528302
6.09433962264151
14.210526315789474
8.5
7.413793103448276
3.7758620689655173
13.030303030303031
6.636363636363637
7.596153846153846
6.5
3.623853211009174
3.1009174311926606
6.216666666666667
5.25
3.6930693069306932
3.118811881188119
1.9572192513368984
1.9625668449197862
1.946808510638298
1.952127659574468
1.5659574468085107
1.3617021276595744
2.6285714285714286
2.2857142857142856
15.96774193548387
6.548387096774194
19.8
8.12
13.307692307692308
18.0
11.533333333333333
15.6
8.386363636363637
7.4772727272727275
0.8463302752293578
0.7545871559633027
18.8
62.6
0.4
1.3319148936170213
