3.2815533980582523
1.6796116504854368
4.225
2.1625
2.21505376344086
6.268817204301075
2.2888888888888888
6.477777777777778
3.0
3.8133333333333335
5.232558139534884
6.651162790697675
7.966666666666667
5.183333333333334
8.241379310344827
5.362068965517241
2.0406976744186047
1.127906976744186
6.622641509433962
3.660377358490566
0.8896551724137931
6.551724137931035
1.6125
11.875
7.55
6.075
8.38888888888889
6.75
12.022727272727273
12.5
16.53125
17.1875
11.5
12.5
6.0754716981132075
6.60377358490566
11.65
4.05
11.365853658536585
3.951219512195122
3.574468085106383
3.574468085106383
3.574468085106383
3.574468085106383
3.9411764705882355
2.215686274509804
4.674418604651163
2.627906976744186
10.282608695652174
7.739130434782608
16.892857142857142
12.714285714285714
7.076923076923077
8.211538461538462
16.727272727272727
19.40909090909091
26.210526315789473
17.42105263157895
2.8295454545454546
1.8806818181818181
16.666666666666668
21.19047619047619
2.0114942528735633
2.557471264367816
