5.016393442622951
5.60655737704918
2.7079646017699117
3.0265486725663715
4.490384615384615
3.1153846153846154
6.671428571428572
4.628571428571429
3.4
4.223529411764706
3.4
4.223529411764706
4.732394366197183
6.408450704225352
3.393939393939394
4.595959595959596
2.4014598540145986
3.5547445255474455
3.6555555555555554
5.411111111111111
2.2154696132596685
1.6629834254143647
8.717391304347826
6.543478260869565
2.53125
10.21875
3.056603773584906
12.339622641509434
4.465753424657534
5.1506849315068495
7.409090909090909
8.545454545454545
11.125
7.4375
3.926470588235294
2.625
5.313432835820896
2.8656716417910446
3.0427350427350426
1.641025641025641
2.305699481865285
2.3108808290155443
2.305699481865285
2.3108808290155443
1.430188679245283
0.6377358490566037
3.1322314049586777
1.396694214876033
9.160714285714286
4.910714285714286
21.375
11.458333333333334
8.341463414634147
9.463414634146341
8.76923076923077
9.948717948717949
9.42
6.34
1.0704545454545455
0.7204545454545455
14.307692307692308
41.84615384615385
0.389937106918239
1.140461215932914
