4.098591549295775
4.253521126760563
3.383720930232558
3.511627906976744
2.3902439024390243
3.886178861788618
8.647058823529411
14.058823529411764
5.015151515151516
3.9696969696969697
8.710526315789474
6.894736842105263
8.971428571428572
13.085714285714285
4.550724637681159
6.63768115942029
2.253086419753086
2.734567901234568
7.76595744680851
9.425531914893616
3.128654970760234
1.1929824561403508
14.078947368421053
5.368421052631579
14.607142857142858
14.25
17.041666666666668
16.625
12.6
12.033333333333333
17.181818181818183
16.40909090909091
8.833333333333334
7.805555555555555
7.571428571428571
6.690476190476191
10.368421052631579
9.789473684210526
9.85
9.3
0.9565217391304348
25.08695652173913
0.16417910447761194
4.3059701492537314
3.8552631578947367
6.223684210526316
3.617283950617284
5.839506172839506
18.61111111111111
13.444444444444445
23.928571428571427
17.285714285714285
30.142857142857142
39.142857142857146
23.444444444444443
30.444444444444443
9.208333333333334
14.833333333333334
1.23463687150838
1.988826815642458
29.142857142857142
109.42857142857143
1.0408163265306123
3.9081632653061225
