2.065693430656934
2.1094890510948905
3.1797752808988764
3.247191011235955
2.6555555555555554
2.0277777777777777
10.391304347826088
7.934782608695652
3.56
7.88
2.656716417910448
5.880597014925373
4.741379310344827
9.793103448275861
4.661016949152542
9.627118644067796
2.83125
2.46875
6.969230769230769
6.076923076923077
3.7642276422764227
1.2601626016260163
4.53921568627451
1.5196078431372548
7.223880597014926
5.432835820895522
9.490196078431373
7.137254901960785
5.1866666666666665
3.0533333333333332
9.046511627906977
5.325581395348837
3.1136363636363638
3.75
5.074074074074074
6.111111111111111
5.5
6.787878787878788
4.776315789473684
5.894736842105263
22.166666666666668
78.5
0.46996466431095407
1.6643109540636043
2.397163120567376
3.354609929078014
2.2837837837837838
3.195945945945946
18.625
21.875
14.9
17.5
21.941176470588236
26.176470588235293
19.63157894736842
23.42105263157895
12.217391304347826
15.956521739130435
0.7553763440860215
0.9865591397849462
18.923076923076923
44.0
0.643979057591623
1.4973821989528795
