1.532934131736527
2.305389221556886
4.413793103448276
6.637931034482759
1.687150837988827
2.1508379888268156
6.565217391304348
8.369565217391305
5.511627906976744
9.395348837209303
5.386363636363637
9.181818181818182
4.767441860465116
11.209302325581396
4.659090909090909
10.954545454545455
3.225165562913907
1.9735099337748345
7.854838709677419
4.806451612903226
3.8870967741935485
1.7661290322580645
5.415730337078652
2.460674157303371
7.320754716981132
7.490566037735849
8.434782608695652
8.630434782608695
10.941176470588236
9.676470588235293
5.723076923076923
5.061538461538461
3.7435897435897436
3.6538461538461537
3.8933333333333335
3.8
5.206896551724138
7.741379310344827
3.1789473684210527
4.726315789473684
1.6666666666666667
190.66666666666666
0.01272264631043257
1.455470737913486
1.0424528301886793
2.5
1.201086956521739
2.880434782608696
218.0
138.0
54.5
34.5
156.0
974.0
39.0
243.5
60.6
10.6
0.562152133580705
0.09833024118738404
179.0
951.0
0.3296500920810313
1.7513812154696133
