3.6116504854368934
1.6116504854368932
4.894736842105263
2.1842105263157894
2.7383177570093458
4.364485981308412
4.069444444444445
6.486111111111111
2.926829268292683
3.6341463414634148
5.217391304347826
6.478260869565218
6.5964912280701755
6.7368421052631575
5.295774647887324
5.408450704225352
1.5606060606060606
2.212121212121212
6.0588235294117645
8.588235294117647
2.051282051282051
1.482905982905983
32.0
23.133333333333333
7.793103448275862
17.96551724137931
7.793103448275862
17.96551724137931
17.36
15.72
13.151515151515152
11.909090909090908
17.19047619047619
17.38095238095238
4.688311688311688
4.740259740259741
7.675
6.625
5.293103448275862
4.568965517241379
3.8210526315789473
3.8210526315789473
3.78125
3.78125
1.5257731958762886
4.371134020618556
1.574468085106383
4.51063829787234
11.972222222222221
10.194444444444445
17.24
14.68
10.095238095238095
8.380952380952381
22.31578947368421
18.526315789473685
21.227272727272727
15.045454545454545
2.266990291262136
1.6067961165048543
22.533333333333335
29.2
1.5868544600938967
2.056338028169014
