57.652556500557964
83.42613997571416
76.122470196792
83.4398035994287
56.6960167887651
84.60225122351962
84.40639655088775
85.04811120448326
78.430027952098
52.52382043863863
83.59255971746683
73.65182845264876
71.20011484134736
86.64390586070407
57.9946167919165
82.52070303023692
47.12109639666145
74.57783868126133
68.68208772453846
43.02506598911803
82.65395516518002
58.69587650440903
82.85489396766025
75.37912601136834
83.30275567105417
67.44275336529435
86.707852887004
83.1909498203866
82.9476939921588
85.04972776570827
83.8844964337146
82.26954466766331
77.51453250914285
56.309932474020215
68.4985656759521
73.78470673027589
77.7352262721076
62.96913974015701
70.97439396243132
57.557556216278876
45.0
17.92791976200722
46.12330271407542
46.27303002005671
55.713123022791045
83.29016319224307
34.954669630503304
75.4780317405574
87.69403327600499
85.86532862626359
85.95041829672863
85.23635830927383
88.01136214352594
89.58179005850292
87.38258663673557
89.17511776229978
79.77783136636388
84.33629374197943
11.282452485953177
21.634990677753834
81.67434966957316
89.65793970864146
6.858758471133651
67.37207940638693
