59.93141717813756
83.95834067625742
69.35300917502964
84.9868862449642
88.93250031625979
82.38918052243318
86.31937782696956
86.02750405924934
75.80890345097603
75.21727395738434
79.56252464888182
65.72555886556054
86.22180229283842
86.93351449887412
25.20112364547506
84.60795479317437
55.69221215528403
23.962488974578164
77.74724048445262
55.81387751362497
86.73796652260324
58.92096036492075
79.39738689452405
73.94001269283936
83.78218265047876
75.73548770192009
86.06126091614881
82.76975736074843
82.1998121158183
82.94481393890332
83.6598082540901
83.54118362128135
81.28025349376269
78.00916502096075
56.44506377892101
70.20112364547508
74.29136217098426
61.38954033403479
71.28141102132018
48.46822925891715
65.15174703421188
65.15174703421188
65.15174703421188
65.15174703421188
52.305759533310834
81.59662890943918
57.77124256490144
79.42146327907733
86.71613771209364
86.98721249581666
86.82016988013577
86.84515713520803
87.87890360333854
89.30972280213493
85.6617332085718
88.93514530654105
84.24543466889781
83.9667469937993
16.49864038531742
19.52301200334858
86.68221883166515
89.51445416999186
17.972896101491244
54.53369972165993
