57.61932229343077
60.25511870305777
71.56505117707799
67.5205656028969
87.60408454967826
76.24692941347695
83.32011393677746
81.14569181167815
67.26399511741855
74.5585817540748
79.33021719550332
83.844831656726
79.42202953243272
84.62562262767563
76.26373169437744
84.28940686250037
52.1250163489018
72.71850162818336
54.950626687951605
64.54854943235507
50.1944289077348
88.5528354963024
54.78240703180729
87.65312570751271
60.94539590092286
85.00323933542865
60.10109816138544
83.92455990381343
81.3843518158359
51.34019174590991
83.8298249049704
73.02450053207025
84.41275603579565
85.76360520094116
39.90260026202101
52.450249068656184
51.09586154459582
67.61986494804043
80.7273982227997
53.42696902148067
41.877869537884294
24.200971591158517
55.437475351118174
50.63068275763527
42.13759477388825
85.59263576952058
27.96223220437437
77.18679404096257
80.5946884990431
87.36756513101352
83.01151027001653
85.30931554426516
82.73675525941545
80.1806993612421
84.07541801801752
83.19574043739158
87.23787168662119
87.39743779750019
47.683775159468986
32.284663011105245
84.74972727026696
86.0901815316018
30.17352002964434
50.422425235199405
