56.309932474020215
67.5741380786482
71.0167829407738
68.25922094552828
84.23486544202764
84.78311096816553
85.31045562265392
85.9998142394869
74.88652694042403
57.03059609653788
79.90894276111109
83.38653951768524
85.38612910251157
86.53675601728301
76.44781074091105
83.07278187399083
53.13010235415599
82.11686068327027
55.40771131249006
76.31445317473812
84.77407259103323
78.69006752597979
86.26237045658989
73.30075576600639
59.03624346792648
86.85504253530198
65.82089285331082
86.88656125194278
84.88268515002737
75.54757174890703
86.28012282767577
79.93931020467704
86.27868673525025
88.32760563891074
46.88818800674094
73.43273001651217
76.84905131905529
63.43494882292201
77.75366714031959
62.049030972109826
41.98721249581665
27.255328374943062
51.34019174590991
55.12467165539781
71.81095430034868
80.31527898844587
42.079278478999626
74.05460409907715
82.05652818940959
88.70540048183572
84.06258390051849
87.15181208861212
85.54439716667369
84.45700791249594
87.17019240711285
87.40649355521096
83.8844964337146
86.13081542363459
35.75388725443675
47.62422002778206
86.6114430092765
88.32080010627698
34.24203291160999
56.5751888173962
