52.69605172201657
83.74339065944395
67.54306100005788
84.34954936614227
87.3411156057566
79.3034892642219
85.23635830927383
83.27564690689036
74.95360816780149
63.43494882292201
78.47968005228897
64.23067237566129
83.36748538486154
85.27201218115779
41.53177074108286
79.39191495379927
77.92616906504979
43.66778014613036
82.92965517984241
63.083445383048655
83.92196301625272
65.60626061383684
56.309932474020215
76.69476349390891
85.33726066374537
77.8686789333675
87.03906386583625
83.6598082540901
71.56505117707799
82.83955027310887
83.81706983405174
84.5272883287495
79.73169420198975
79.47221388003645
74.8459319496874
77.09259132873416
71.84729411334885
85.56352551434264
74.97289058597137
75.21727395738434
69.08486337096684
69.08486337096684
69.08486337096684
69.08486337096684
55.00797980144134
81.06940989958102
60.47863816541836
79.34378073422447
87.46323826184002
87.36324157385955
87.57072667650003
87.49490713275861
88.15238973400541
88.79395122078004
87.27368900609373
88.16553096760825
85.27201218115779
86.47854662307776
27.566085242532242
27.871952526403337
88.18169703554817
88.70783311375007
35.77263280571067
38.48303818784568
