61.0735741647464
74.00847224148293
73.02028915541389
78.33122599963106
87.946449436489
80.79740302797835
85.08343399398998
84.0428688852918
71.93952806380082
82.40535663140857
80.67640822186199
86.06277483517592
83.44927352889931
85.36995358920235
80.85835977647511
82.81703109549389
58.3924977537511
82.78342035786945
61.38954033403479
80.82744707987375
70.01689347810003
74.88817162221343
82.20439797938408
64.13364320590549
56.309932474020215
86.68905848538856
64.02560603756869
85.7026133360583
83.29016319224307
75.40342447450583
84.76613835278357
81.91941861839894
86.06710372776946
86.85190390043724
59.327674217664885
68.4399360934349
73.38557551087362
66.03751102542182
83.29016319224307
74.74488129694222
41.34777721969367
21.921778593959136
53.13010235415599
45.93919094573559
49.96974072811031
84.82547928448454
29.453672726920946
75.65288932639666
85.30508572074898
79.38034472384487
85.54439716667369
85.84035770628736
85.21430450762506
84.25771672219588
86.70388402745368
88.19471347848683
85.16958004171006
87.05853500608889
39.46490900765044
47.563770211465
86.03534527714389
87.8499736489614
22.231315180102587
45.0
