59.34933204294713
78.340707346477
72.10386707496076
80.8033441083711
45.00000000000001
77.81634341401261
82.596271147212
81.61938677707235
72.05755291084134
74.6237487511738
81.75928817029212
73.3611943295737
84.2205141748441
86.07931747074643
51.34019174590991
80.06251635432672
56.309932474020215
76.52424084407502
59.688786773318384
73.97413255155024
74.79759129082386
80.90972307917768
83.45961417180338
69.04422326936782
56.30993247402022
85.66359521433999
70.51387042753424
85.13216059825103
84.04857772112062
75.96375653207352
84.78986931696272
78.35402575151679
84.69489039378962
85.38364790644899
50.063616853030084
54.612114754365884
55.35905248808372
77.9052429229879
73.79622578510924
37.43857157233304
42.70938995736147
25.66519146217358
54.05788812861766
47.563770211465
57.60015982608067
84.42279579301578
29.875992691689422
75.60482134032695
84.97592474146046
63.43494882292201
86.4012318831917
85.36453657309735
87.34470701346706
87.06432655357884
88.06319961377896
87.55863527480795
84.76613835278357
86.61548204769025
25.99282771107562
34.60449572791464
87.47917209228984
88.40885972880542
27.506446400099193
42.46323826184001
