62.65012421993013
80.44836254161815
72.50424212281357
82.1895855964993
89.40319054877082
79.72128019586775
85.14038556902759
83.76166731036069
76.35708522400994
75.84236735032275
81.9509382983255
60.59281093926635
85.0106374303578
86.96847613954762
54.32359177813802
80.09581678702614
56.30993247402022
82.7319488353302
58.57043438516149
80.56073444244534
85.75438921589709
57.21571913413086
84.89434663249251
79.72899627952093
74.96956947656672
52.1250163489018
82.38353798070654
53.74616226255522
85.23635830927383
83.472158992115
84.51095398369715
85.31045562265392
80.87710379462153
81.41637851988605
60.751173663453024
67.80971110387746
78.95905981967627
62.35402463626132
78.13226810243393
60.57254359681026
32.905242922987895
18.434948822922017
40.030259271889705
56.976132444203365
55.097504384075286
82.95192511717516
40.815083874881594
76.5006790060271
85.1747830728902
87.86574123749772
86.55261314813481
87.54596832547293
87.51942338679676
88.13600234399185
87.47388308838045
88.13737905069333
84.18437347050876
85.26906137622076
27.953767766629323
29.44753318079929
86.60866058020366
89.16100044040326
20.73730301260426
57.325258693393465
