2.2666666666666666
1.6933333333333334
5.396825396825397
4.031746031746032
2.6178343949044587
1.8789808917197452
7.339285714285714
5.267857142857143
4.607142857142857
6.0
5.26530612244898
6.857142857142857
4.717391304347826
10.630434782608695
3.6779661016949152
8.288135593220339
2.96875
3.1875
5.205479452054795
5.589041095890411
3.457943925233645
2.7663551401869158
3.9361702127659575
3.148936170212766
6.777777777777778
5.73015873015873
7.907407407407407
6.685185185185185
5.024390243902439
3.097560975609756
11.771428571428572
7.257142857142857
3.074468085106383
2.797872340425532
4.982758620689655
4.5344827586206895
5.706896551724138
7.189655172413793
3.521276595744681
4.4361702127659575
2.227467811158798
0.14163090128755365
8.109375
0.515625
0.9246575342465754
4.198630136986301
0.8940397350993378
4.059602649006623
17.27777777777778
14.833333333333334
22.214285714285715
19.071428571428573
28.76923076923077
38.61538461538461
19.68421052631579
26.42105263157895
12.26086956521739
12.869565217391305
0.7157360406091371
0.751269035532995
26.875
82.625
0.5256723716381418
1.6161369193154034
