3.7916666666666665
3.03125
6.169491525423729
4.932203389830509
3.5982905982905984
2.52991452991453
11.078947368421053
7.7894736842105265
7.431372549019608
5.411764705882353
7.895833333333333
5.75
11.096774193548388
12.03225806451613
5.0588235294117645
5.485294117647059
5.0
3.842696629213483
6.267605633802817
4.816901408450704
3.284313725490196
2.7745098039215685
5.775862068965517
4.879310344827586
8.549019607843137
6.882352941176471
10.13953488372093
8.162790697674419
7.245614035087719
3.5964912280701755
11.162162162162161
5.54054054054054
5.116666666666666
4.9
5.385964912280702
5.157894736842105
7.864406779661017
5.203389830508475
8.0
5.293103448275862
2.6315789473684212
2.6403508771929824
2.608695652173913
2.617391304347826
1.7027027027027026
5.243243243243243
1.6016949152542372
4.932203389830509
13.95
14.55
19.928571428571427
20.785714285714285
21.875
30.3125
19.444444444444443
26.944444444444443
10.88
11.92
0.9477351916376306
1.038327526132404
46.625
57.75
1.2269736842105263
1.519736842105263
