1.9371069182389937
1.9748427672955975
6.285714285714286
6.408163265306122
2.3012048192771086
2.210843373493976
9.095238095238095
8.738095238095237
6.6521739130434785
6.869565217391305
6.954545454545454
7.181818181818182
10.0
12.696969696969697
5.7894736842105265
7.350877192982456
3.841666666666667
2.925
5.554216867469879
4.228915662650603
3.4214876033057853
2.0330578512396693
5.048780487804878
3.0
8.25925925925926
6.777777777777778
10.878048780487806
8.926829268292684
6.225806451612903
4.419354838709677
11.696969696969697
8.303030303030303
5.339285714285714
5.303571428571429
3.602409638554217
3.5783132530120483
7.354838709677419
5.145161290322581
5.922077922077922
4.142857142857143
2.1751824817518246
2.1751824817518246
2.1594202898550723
2.1594202898550723
1.1492537313432836
4.634328358208955
1.0921985815602837
4.404255319148936
16.0
15.6
18.46153846153846
18.0
30.0
60.72727272727273
19.41176470588235
39.294117647058826
10.173913043478262
10.434782608695652
0.6446280991735537
0.6611570247933884
30.857142857142858
111.71428571428571
0.5699208443271768
2.063324538258575
