3.9775280898876404
2.9775280898876404
4.265060240963855
3.1927710843373496
3.663716814159292
3.0707964601769913
7.016949152542373
5.88135593220339
3.433734939759036
4.024096385542169
5.0
5.859649122807017
6.212765957446808
9.97872340425532
3.139784946236559
5.043010752688172
2.75968992248062
2.604651162790698
4.395061728395062
4.148148148148148
2.0292397660818713
2.8596491228070176
8.897435897435898
12.538461538461538
4.089285714285714
8.267857142857142
4.978260869565218
10.065217391304348
6.127659574468085
11.659574468085106
5.236363636363636
9.963636363636363
13.869565217391305
15.434782608695652
2.6363636363636362
2.9338842975206614
5.828125
5.203125
4.6625
4.1625
3.0962566844919786
0.5080213903743316
6.579545454545454
1.0795454545454546
0.987012987012987
8.181818181818182
0.3838383838383838
3.1818181818181817
6.913043478260869
8.08695652173913
10.6
12.4
8.211538461538462
7.903846153846154
17.791666666666668
17.125
18.157894736842106
18.157894736842106
1.0648148148148149
1.0648148148148149
14.478260869565217
21.956521739130434
1.040625
1.578125
