5.273972602739726
4.082191780821918
5.746268656716418
4.447761194029851
4.2967032967032965
2.4945054945054945
7.979591836734694
4.63265306122449
5.5
5.516129032258065
6.686274509803922
6.705882352941177
8.472222222222221
8.694444444444445
3.961038961038961
4.064935064935065
5.095238095238095
4.845238095238095
5.558441558441558
5.285714285714286
3.552380952380952
3.1809523809523808
6.660714285714286
5.964285714285714
9.0625
8.333333333333334
9.886363636363637
9.090909090909092
7.55
4.233333333333333
14.15625
7.9375
5.625
6.25
3.292682926829268
3.658536585365854
6.142857142857143
6.910714285714286
4.648648648648648
5.22972972972973
2.3787234042553194
0.04680851063829787
18.032258064516128
0.3548387096774194
1.2890625
4.421875
1.1956521739130435
4.101449275362318
14.476190476190476
16.761904761904763
20.266666666666666
23.466666666666665
21.5
27.72222222222222
21.5
27.72222222222222
15.047619047619047
16.19047619047619
0.9321533923303835
1.0029498525073746
35.625
75.125
0.8096590909090909
1.7073863636363635
