4.329411764705882
3.0941176470588236
6.133333333333334
4.383333333333334
3.7938144329896906
3.2783505154639174
7.666666666666667
6.625
5.517241379310345
5.362068965517241
5.714285714285714
5.553571428571429
7.27027027027027
11.27027027027027
3.4935064935064934
5.415584415584416
3.875
4.636363636363637
4.802816901408451
5.746478873239437
3.761467889908257
3.761467889908257
8.2
8.2
5.714285714285714
7.660714285714286
7.2727272727272725
9.75
7.18
9.22
7.18
9.22
7.0
6.357142857142857
3.5421686746987953
3.216867469879518
7.016393442622951
5.377049180327869
6.6875
5.125
2.2751091703056767
0.17467248908296942
10.215686274509803
0.7843137254901961
1.1727272727272726
5.7
0.7588235294117647
3.6882352941176473
11.32
14.44
16.647058823529413
21.235294117647058
16.47826086956522
23.73913043478261
19.94736842105263
28.736842105263158
15.238095238095237
15.428571428571429
0.935672514619883
0.9473684210526315
21.384615384615383
49.76923076923077
0.7942857142857143
1.8485714285714285
