43.72696997994329
76.67107590061778
64.79887635452494
78.659378841441
86.30861401354873
63.81819246855676
83.62860140558936
77.15724595605556
71.22196677755446
38.047042531826094
80.26301172959725
72.27676338311369
83.87978073170771
81.098283967108
77.10771360336119
79.58829177230798
30.465544919459887
66.52538240186465
34.87532834460218
60.4001709995294
83.2409188730295
79.46081627137177
83.99099404250548
75.00492087082402
36.027373385103616
81.9925864936831
43.45184230102203
81.8469149838143
76.0417099254886
63.693036174258204
80.12440392673358
72.8380811971347
82.16073666819457
86.75386631300721
51.293948188951084
71.34383305041312
62.74467162505693
81.27272230482723
21.92958775017535
74.36649965469297
64.75947073521321
64.75947073521321
64.75947073521321
64.75947073521321
34.38034472384487
71.72004389057044
40.88777115528154
68.35351337948048
82.32758840022045
79.03212781733832
81.70285503016314
83.48019824834302
88.12553443739547
77.4346516200927
85.34664841273162
85.42607874009914
85.18308470350738
86.79281453272132
26.19162028551438
17.28681116140808
83.53406790106047
85.12401378753782
22.69586660071258
26.889976500099454
