69.67686317033707
81.30721888303648
75.87681307906041
81.59349010263213
53.13010235415599
87.05747954363137
82.29251427703502
86.83611638111925
68.86017519134235
80.50530729851849
47.64254529406473
87.76712132690923
82.69424046668918
87.18644547462758
79.54009090707088
86.43673193709382
64.74683660542613
43.21008939175393
75.32360686254998
47.0700306530411
38.65980825409008
64.30630034060037
55.885527054658745
35.21759296819271
82.12881806316898
53.80679269443531
83.23382517744695
79.27114070198995
86.96729738382302
83.45796185378812
85.7161814737273
84.8055710922652
77.7352262721076
84.55966796899449
72.38742215707617
78.03622110875595
81.54930110639795
48.81407483429036
72.81041544384634
75.37912601136834
29.74488129694221
89.48383577023516
0.48146580583832027
70.61406456200649
3.1798301198641643
78.84318255302449
77.30733445488212
80.4569037202328
87.15338308418389
86.21388796461841
84.9868862449642
85.83349511445132
86.57320684270951
86.9059419410829
87.18444331578877
87.28801653255506
85.23635830927383
87.6784694101673
25.096250462692165
29.706181012714087
86.98721249581666
87.70020057820801
31.689661400566788
44.45778483505365
