50.527540151656176
73.89286626611914
69.00128096561299
76.84905131905529
76.24301888365616
74.47588900324574
87.68368064404022
79.76519723657678
59.58891873287464
83.23098354775561
69.91802251581925
86.05481377096244
83.44305350183662
81.62574097240096
83.38925264295612
81.66946345267276
45.00000000000001
81.30089791537392
40.060784457873794
77.25797134181515
84.15107835407105
76.50426671920418
84.00352592758847
80.42157708053927
46.54815769897797
86.24827092947402
69.44395478041653
86.7151043875462
82.90424604871384
79.08887161571661
85.8204301265702
84.99202810795973
83.69637224371048
86.65662385567286
44.390493423324806
75.29169610031725
64.31185656435265
79.93931020467704
51.581944655178006
79.27370553387476
69.08319619665728
69.08319619665728
69.08319619665728
69.08319619665728
52.88313931672973
74.30220748213868
59.21585347367357
72.91897808787954
84.76613835278357
87.49958943562312
84.23211110208587
86.94711748520757
86.60286708066025
86.4049903389909
87.10548730764246
86.72951207681645
85.83349511445132
85.15599962491933
33.17851165939274
16.32096373061936
85.46222749209335
88.42825408518175
16.769305069107908
46.46484873622179
