51.7889745744388
80.02583631474613
69.54368623672198
80.4040435631259
38.884496433714595
79.71066822880037
56.53462065364472
79.44974604941
70.37431728522067
50.042451069170916
75.60640703150948
77.31961650818018
54.090276920822326
85.78389886461902
62.209557520547904
84.23736711340156
28.07248693585296
83.35750064267164
38.50065372034543
79.08411756830692
78.92979742206063
85.5278699357156
81.86989764584403
81.48421759564994
78.323262169046
28.300755766006375
83.19574043739158
56.82148834060726
85.05403345289584
80.94656133782624
82.60599135740173
82.8380662725002
80.16643603579288
85.32074083959517
79.50852298766841
84.48508840875496
74.1676133795778
86.06126091614881
55.00797980144134
84.8554079421319
90.0
90.0
19.55005432504807
66.02786364724845
37.8749836510982
60.85936626660569
52.25319461272533
69.68717372979263
83.70064629386953
83.57652956344344
82.8749836510982
85.17634180240483
84.64417495714481
84.61629832318825
84.49105030178394
84.46311763751628
79.77099171264048
85.1634165542647
36.724107172924796
47.932410031290395
84.10647076793492
84.8602426210094
41.81248639090825
49.87206295726098
