53.13010235415599
80.25877147160516
69.92847413546127
81.19980212361949
83.69004349113213
79.41836447905622
83.34190919715176
82.67025228324125
71.56505117707799
84.42314135007616
73.57781250168472
77.1372489810418
83.29016319224307
84.73230287195577
79.95341985889235
83.8156087661058
68.02549200852803
37.56859202882751
80.7273982227997
42.97863505964399
79.25414277042216
61.30509562065655
75.33217509629995
79.41267868176287
85.14038556902759
81.33261282004452
84.13612798923107
84.41275603579565
84.16521100315866
84.67425937523228
78.61853725164018
78.48616881551298
73.30075576600639
82.2499635770807
67.09423034158281
68.1394617632117
82.17628926811474
85.16724401286507
72.42211628333477
78.25928030897116
56.12146019489035
56.12146019489035
56.12146019489035
56.12146019489035
48.81407483429036
76.42531297775636
54.22988624372772
75.07552103683376
84.16050768848255
76.32869286780416
83.99099404250548
75.65066795705286
86.42366562500266
89.39849160568296
82.16447489351145
89.06736038779303
74.8459319496874
80.23029994946877
6.1701750950295855
24.743537825476874
87.64670313389169
89.81417650176202
0.5573343616592217
61.14433878028348
