43.264295411071615
70.82099197418928
60.771948056854875
70.27288429082806
88.97391664179902
81.35939358617604
86.08842818747134
84.7058569926
47.29061004263853
85.0302592718897
74.19748604606448
84.78507170869872
75.52970589993411
83.6598082540901
80.93070670010844
85.35316911484169
41.18592516570965
82.58983104163686
44.2559407971113
78.77754193055517
86.83367348099654
78.0887845680284
84.94468648194581
81.71765058296869
45.0
85.87116070294273
56.309932474020215
86.92913592874675
83.16656270909074
80.53767779197439
84.7691928244468
84.53615718676336
85.15015609821718
87.21251915796798
48.59671707762847
74.96782094813975
70.48412699041731
84.96806577717079
50.31454566994475
84.28940686250037
69.5129858066693
69.61570420458129
69.5129858066693
69.61570420458129
49.844000375080675
79.69515353123397
57.094757077012105
76.73984927944353
82.33319573818584
87.54246185182289
84.76613835278357
86.707852887004
86.50536107274667
85.16958004171006
85.28239749543832
84.0938588862295
86.14065592610677
84.36931724236474
41.21468088701576
34.70618680271575
85.16958004171006
86.18592516570965
30.545110061281775
39.356681719466025
