43.78112476486871
72.50900268775739
54.334998463138234
75.96375653207353
88.39263207802837
60.57254359681026
85.72800828916446
76.6648936589541
69.10223450116115
77.66091272167381
79.06618321424422
80.84974322198512
84.44463285708198
80.09581678702614
79.00077911955447
78.5180086452519
47.48955292199916
77.20480546400938
51.927218126009166
74.63651329414839
85.97173633351487
73.16252737432363
85.45466469125118
80.70669140060288
47.48955292199916
84.28940686250037
73.23744553816725
86.02553891384221
83.17974556151928
75.16006083808709
85.66283681200625
84.82894758199751
80.45961819515738
86.06277483517592
47.12109639666145
62.124489613472505
46.43209618416465
81.06296819074164
46.332219853869645
79.3034892642219
62.65012421993013
62.78388844269253
62.65012421993013
62.78388844269253
46.63657704161672
75.45036722987766
48.25194560036388
71.41506256809053
86.21388796461841
81.40408856307903
86.75474509610984
85.91438322002513
86.04244688587215
84.38241940987318
85.76360520094116
86.42366562500266
84.3296426561061
85.26255665198988
23.37607616803097
22.067899562410215
85.76360520094116
88.22242565585722
19.79887635452493
39.817900719686904
