39.58813084768297
79.82992158128043
63.152705886651155
76.27770286686646
22.380135051959567
86.42366562500266
54.090276920822326
87.58388971431869
79.9739629096787
58.877529803208006
83.12316926256321
67.89055165624833
36.46923439005186
86.39557946082431
52.69605172201657
87.78320565925982
67.80971110387746
29.054604099077153
79.47921568612564
59.53445508054013
79.58134254113996
65.60626061383684
40.91438322002512
62.10272896905237
85.23635830927383
79.47221388003645
87.08299271337229
84.32697786007468
82.33319573818584
82.82828783461291
82.54975093134382
83.50065372034544
75.67728002179645
80.90972307917768
76.7920715372209
83.30461722309515
67.91282839677164
87.04313504780355
38.9275435927923
85.80342773029352
83.6598082540901
85.82289303109779
19.041230738439364
62.12613410644049
48.57633437499735
82.60770844501549
42.87890360333854
82.69424046668918
82.40535663140857
85.85537625889572
85.40945681439398
83.0470425318261
86.60866058020366
87.78034444680212
83.62467902519151
82.33319573818584
78.88695946405171
74.63838368815135
25.602187551441794
30.933328611666383
85.91438322002513
89.52413237479779
18.48967256894942
62.688466248232814
