41.633539336570195
83.8156087661058
64.20397350550006
83.97130815442492
29.74488129694221
66.44773632710536
59.67639313745001
67.94893728092327
50.9061411137705
85.13166762531482
61.63095370672142
85.4991177055932
87.96777659418761
78.07067782276167
85.48145702853353
81.43548135742442
33.690067525979785
77.6229465020915
32.7352262721076
75.05969010433132
78.53423170123887
79.17254689617461
82.6656211985833
85.14038556902759
79.77099171264048
82.04691802856159
77.75366714031959
82.47617956136138
86.35881474209866
87.14776441870745
66.19405648154229
75.06858282186245
74.15229501807315
72.37198063218037
61.3082313353816
66.08990769989913
36.430858120162355
73.02808308565236
30.425783801961256
66.88579201667316
57.99461679191651
57.99461679191651
57.99461679191651
57.99461679191651
69.14554196042165
65.13630342824814
44.21517539700812
66.26301550246131
81.86989764584403
87.47388308838046
81.11934084947976
85.98582430458899
87.54596832547293
89.83799540012367
85.8150838748816
89.68169338854864
80.2724214485984
81.57303097851933
4.961155804663524
2.584513445965664
83.15722658736907
89.7920307517694
2.7543742306072936
64.30702106942675
