49.028263666485145
54.28004568770969
72.85965069524227
66.90870482818192
41.18592516570965
53.04289423350531
54.6887865603668
63.96219571458935
41.98721249581665
81.02737338510362
57.00229489878372
56.02345596374314
23.749494492866766
79.81337024005522
76.39026810418781
80.31660192635793
45.00000000000001
82.52574873209198
52.90716270295846
80.2933475906603
62.79936402875171
82.81573260757314
87.2297842027998
84.90570342568245
74.21924669048461
47.29061004263853
81.48829486157533
58.81502534126161
85.95410987652119
83.46103791703861
87.31203103439643
86.32726903118117
73.81079374297306
71.78290480217515
81.3195815749287
79.69515353123397
80.98494255145346
83.18423166605108
82.17864789562506
81.098283967108
87.27368900609373
87.72755026721707
20.24662007558824
34.74318015830361
40.47523152716581
78.3952376436212
57.2647737278924
76.69909725430192
84.52263127117112
83.08877288097533
84.14398641457105
86.95291049661427
88.33489394189633
85.16663424328011
86.64759275289694
87.29208251413381
85.28524548129506
84.57678140322665
32.96940390346213
30.571773278214284
86.20883431263478
87.67561702905185
35.33493348775565
40.6185109243881
