59.74356283647073
83.09359291793822
66.17573941710458
84.37994528518722
88.72696997994329
86.29157184286956
85.69553103949202
87.35317442957144
79.81337024005522
89.13717698291897
83.03653147351196
85.8691437667236
84.15751073380838
70.11483488614456
85.62225907125992
84.42780219603621
77.10625595511785
76.08750532347999
82.5685920288275
74.2679952148927
51.11550356628541
66.37062226934319
66.80140948635182
55.619655276155136
85.023735785693
81.74056202012119
87.90793372051985
85.14339606605682
12.994616791916512
86.04244688587215
84.86362150757228
87.77407610488598
84.3296426561061
86.89397290438357
82.40535663140857
85.92963362677519
85.53284093861072
80.07375449334829
85.07758181286401
79.5792876032055
80.53767779197439
89.88401679908523
1.3019526725787232
70.56600775559313
46.332219853869645
82.35785558151122
49.28915332881902
80.94927832281627
87.00469671239725
87.849056872484
87.3021943666837
87.59178355887178
87.56335175318986
88.22395574664127
87.25920940581743
87.33011023799237
86.48932156973271
86.63353933657021
33.91743053697034
45.32188301539872
87.68627750217578
86.18592516570965
48.97046006044333
37.58414462874766
