41.00908690157023
69.168790398794
57.885169399703265
73.86715946951462
81.58765470957317
76.46414363086575
84.13972301852912
81.86989764584403
72.47443162627712
85.15599962491933
78.9828883812108
79.07719528013075
85.0302592718897
84.32826462494776
79.94879115929419
82.07109151870468
38.65980825409008
81.3794035664732
40.23635830927382
78.66099813247553
85.61728565198896
64.5731258304102
85.37449412939493
76.09731288577944
59.88626684901757
85.96228937902288
72.25532837494306
84.51976146002836
83.57815161648247
78.77420223718562
83.2409188730295
77.95742485711503
87.59978553914337
88.9501948333695
41.85504253530199
60.08453964513842
49.666858371439005
84.02770445203471
22.61986494804042
76.4502537451953
24.77514056883192
17.185706144224778
33.36636600105957
32.12499844038753
38.36748538486153
84.1762239509841
17.06740481846441
70.86635679409451
84.94977157516719
79.59228868750995
85.57708857144965
84.9043000804414
86.23596513509428
83.58915997976756
85.26656166942452
86.3282999016293
84.02567671351939
85.45800431973326
32.208610355092716
16.541562977175744
85.0106374303578
87.05174927806729
29.207596471142715
39.685454330055244
