65.22485943116808
83.50419815458237
61.31385242626057
82.32103619263131
45.00000000000001
82.68784513470177
83.14292766590074
84.71875937155488
71.56505117707799
89.38394009160076
83.38653951768524
87.38831862210161
84.9328382741468
87.44209544980782
82.62855171042129
81.6269733252176
53.13010235415599
83.14292766590074
56.659292653523
81.42228347498347
87.10719510595528
79.99202019855866
87.90474743537615
84.28940686250037
67.45693899994212
84.03551289874689
75.66456458047989
60.25511870305777
86.01370715633911
84.88958243896877
85.38364790644899
86.73983936212512
81.08507304285214
85.9780098229799
77.6702503649277
81.65610841596691
79.76022537095989
68.58703052512824
79.91940201245768
71.02959219151346
5.9881483757754665
19.817152519618976
65.42001560927764
40.60129464500447
45.00000000000001
59.836180706113716
82.5429448597647
61.284922471883405
87.42441744368368
85.37342929062848
87.92282523483719
86.7754773934801
80.65532809790032
88.11869822929576
87.63592041408052
87.77843286706396
86.65534968173412
87.83438474709715
17.283770120735525
31.14585750072593
88.48592663936489
88.52489819914304
23.63514653646829
21.83946712241073
