53.9726266148964
71.07535558394876
55.71312302279104
72.02463313460795
89.73956643218663
58.84069549165563
87.38613796932344
75.96375653207352
65.92450174492117
87.08916217383225
79.96687944566884
82.0106732336031
81.33108174796126
75.58989052014424
84.59620863975029
78.87081071038882
75.96375653207353
81.86989764584403
59.93141717813756
80.94211187138235
73.61045966596522
62.927919762007235
82.45057823173673
87.06432655357884
76.11533231474182
85.0302592718897
83.75162833496178
83.51692630710276
80.28674897505972
84.25584167623283
84.83890196663975
85.32258214111825
87.10548730764246
86.8588701643639
49.6858998395027
58.891191171454864
2.815556684211221
73.1873737645758
42.455195620186906
59.808377039042405
70.64491066853785
18.434948822922017
86.59548170051127
3.270487923183572
48.46822925891715
76.27770286686646
58.753070586523044
75.49522672280347
86.63353933657021
85.30713749441017
85.73210669970919
85.91438322002513
84.45879522196014
88.32025327081203
83.49437335431632
87.9606558399971
88.23760897633949
87.04922089099365
36.20945681718606
33.58500203339022
85.98582430458899
87.27368900609373
13.819761703945137
31.124634752118247
