37.99873244250467
71.27421215472744
53.660603670829786
71.24496635329632
60.92058179268082
85.82208653672805
85.86532862626359
86.85803886306375
70.24399900253542
85.45896482029498
77.04241990590687
80.77917595936209
80.76444090683408
85.14429848969968
79.2157021324374
79.66729948407823
73.07248693585296
63.94650468950906
80.78897345918332
62.474774256255664
45.00000000000001
79.2300117673829
69.88741171092452
82.759409870355
84.44702896696319
83.31309067381764
83.52604403132769
84.51384357499569
82.00252652819617
84.36573334423261
86.85750422292723
85.6430249941537
82.51496104962668
85.68823809801759
41.35881474209865
66.31791227546155
81.06043499684847
67.72410215174104
68.71735100142095
49.83041995828994
32.574057134572506
18.788621982168472
29.248826336546966
64.98310652189998
51.892423122485134
80.10879599319199
25.750474127318267
71.73209379275889
85.45624234853285
86.73796652260324
85.49509313639298
86.14651954639793
86.7754773934801
87.00153286030555
86.82016988013577
86.53177074108285
85.49509313639298
84.57940471623763
25.257155575414206
22.239107461480103
87.90474743537615
86.61366567121631
22.146430710088822
19.0678199331215
