37.30394827798342
79.69515353123397
60.94539590092286
82.18806828973182
89.59365376669096
78.38147564720536
84.55077387103535
84.04464176045408
60.35013649242442
84.38503255314934
69.88741171092452
86.10832370591925
81.68080335050027
83.79283304213314
82.93140488299684
85.18425546260553
79.3236443173042
63.43494882292201
82.96658354030507
72.77251177354904
35.75388725443675
65.93436841944273
61.18920625702693
71.87813975209865
85.7993777953646
82.49526754938805
86.04938186165818
82.64762064010765
67.67134362198084
84.5258717993908
84.88715022011755
85.09270015771185
81.91547900417794
84.61507973074484
71.01237591212984
69.20927472558529
71.56505117707799
62.76485330069748
63.91440022171858
52.05784664988107
63.55633800467278
63.55633800467278
63.55633800467278
63.55633800467278
46.08092418666069
75.08878940875634
44.26547896574518
69.76861708263525
87.32144874455676
83.18178542834814
86.65318135825979
85.27554830282911
87.44890491099906
87.53188208617146
86.18592516570965
87.35745470593528
80.44571032759823
83.7031812810156
22.706370840305915
25.697820842576636
86.96729738382302
89.08150907552177
28.815692074115546
47.25649381184643
