51.76617482255306
78.23171106797936
56.309932474020215
80.57934744245537
77.20654854000443
84.07249580760984
88.07921508731104
86.49956659668298
31.26373169437743
83.45961417180338
52.54942176826328
88.4811496025648
82.93526324959738
85.3725701932793
82.36456704680946
84.22567409733672
46.54815769897797
80.4569037202328
62.19854122006586
37.56859202882751
87.47917209228984
86.74805439963612
86.92060059149982
85.60129464500447
82.82828783461291
57.264773727892404
84.8602426210094
65.32313682966294
87.74542503406498
82.91310458992633
81.3843518158359
86.53177074108285
81.86989764584403
79.43898930880363
81.9330682702069
83.75162833496178
87.94542711907431
86.85504253530198
84.71366263803121
86.03847311748977
88.35402250243595
87.87890360333854
50.13637849242774
42.397437797500196
60.42216131873868
78.48232449322185
56.309932474020215
77.44047893034185
84.87683446287186
78.55895613123258
84.17365797044422
87.24751459973132
85.12610357779523
85.40319247029053
86.14651954639793
85.67772294050896
84.89216414398722
85.62225907125992
49.67013035930096
45.00000000000001
83.58915997976756
87.95459151111277
35.96500499952698
71.8585386589203
