59.74356283647073
46.46880071438583
73.85566121971652
59.40399053293733
73.34008924690727
70.11483488614456
80.66160502376401
74.52136183458165
70.09625046269217
86.92666748892665
74.82007256547377
82.8749836510982
82.61395684873273
83.32011393677746
79.13799981762139
82.049226573607
77.79953127261922
76.0542711163528
63.758650347842234
72.93473148949558
71.56505117707799
89.2124787443291
70.01689347810003
89.12606436536532
63.43494882292201
86.28100602684196
67.79652146794261
84.8521151758637
84.69660245317814
60.25511870305777
86.08684047501261
76.96134341697703
83.8298249049704
88.30284381039972
18.886087369709294
68.7681789140251
74.30507585657999
68.74949449286676
76.5781649321138
59.56027561935687
53.74616226255522
48.01278750418334
64.68031308969036
56.76828893202064
36.86989764584401
88.10269696284595
4.813550893706592
67.68367514486853
77.60033357369024
86.96952315413941
76.42956561483852
85.74397327451634
84.36931724236474
81.07869834555834
85.55261514990951
84.64417495714481
87.05174927806729
86.54127568119358
17.934249388529544
35.37795281482238
86.8347936111896
86.74588385830621
38.99099404250548
48.97416321208769
