39.20720350496784
68.83874018317172
59.697319279511916
74.41369550852683
72.48415596079222
54.56668598971442
83.11827636936306
65.51331906828398
59.03624346792648
77.366638064725
74.27525427725257
80.99149625797484
69.07549825507883
78.5815529218009
81.45471810469915
82.4605548604907
82.17092348994039
61.232350661156204
53.615648184164115
68.19859051364818
36.86989764584401
89.61391568525512
50.1944289077348
89.53794727856923
54.16234704572172
77.4034267641815
78.92979742206063
82.54975093134382
77.98852161363456
85.9597959815958
83.50647468746075
84.44173825369387
83.1402399944742
83.1402399944742
59.1423466420327
58.154839471344346
87.53188208617146
81.50144112050633
73.8607573488068
71.47367042599
55.56101069119639
55.56101069119639
55.56101069119639
55.56101069119639
43.72696997994329
70.47383495181539
52.91750303482835
72.64597536373867
80.98679564435727
83.97600691768038
83.05586948900677
83.72270151040246
85.82289303109779
85.76360520094116
84.22188093087335
87.81835859644853
87.08467788335749
86.5106750942036
26.400723388132608
27.39137531680724
83.99099404250548
86.4012318831917
16.886791123944043
32.658143337969015
