73.81079374297306
88.21008939175394
81.74056202012119
87.04922089099365
79.64397375072998
45.0
82.96205923681532
65.95577673063218
81.2538377374448
86.33581567925928
79.81337024005522
86.76638787511214
85.61728565198896
75.06858282186245
84.93057986738751
72.68835389115341
79.85632266876905
86.04766341788424
75.10981763267287
81.12514765796429
41.57612875506932
12.907408671265848
65.09523119190482
81.95710576649469
80.78897345918332
86.46563286123525
84.19327309446842
86.20170477960788
78.55066201149997
84.0837305887368
76.72935612359633
80.34010692155766
75.16006083808709
85.51158316375577
75.82766229986805
83.31309067381764
82.77568430595467
76.37300514010846
79.78602701492952
74.51583028608435
85.46222749209335
89.40194469042417
16.213381689985972
60.366085212823386
48.65222278030633
81.47455087695441
33.157923884672236
76.2930389959202
84.34051815983753
85.27201218115779
84.67425937523228
85.8608107442738
85.78090465075155
88.33704125865773
86.51420881687787
87.10423802653342
83.87462805980029
79.85445556610367
47.43320105473722
16.49814843670096
83.59564727361585
88.57759798632202
20.980861074025114
56.64304371794158
