37.99873244250467
59.245605920441385
55.96787218266169
64.56776858128949
66.67044793267641
78.33670596513613
83.40548496777201
82.05159612610827
45.0
80.43780146167937
49.864514437760526
84.57084109278287
73.33913203589589
82.53943387383165
78.05024277850615
84.77779805541323
42.397437797500196
77.45492894200538
53.82037955202106
32.005383208083494
69.99330526225974
70.41600622975182
77.6544648509478
66.85719893270577
80.7666764907228
53.13010235415599
84.20303138092999
83.26951606538435
80.02228737984943
81.79764575537442
83.8113840367584
84.28940686250037
74.17384592382746
79.66549733330622
57.244527870249854
60.7320047851073
82.63525375501736
81.62788945670748
68.6443296560776
76.21523602696425
50.572197803963796
50.77948582515591
50.319893917806844
50.527540151656176
38.480198248343015
74.3485935461446
45.35150343987335
72.6831965231928
86.69813432556501
86.93897020058235
85.27201218115779
86.71075732150818
87.2297842027998
87.64670313389169
86.98721249581666
87.23423816575051
84.60225122351962
86.24827092947402
15.682753782206325
13.898126147240884
87.38424512457813
87.00469671239725
16.151448613905952
15.428416657925897
