47.950779109006355
84.07249580760984
75.03784474567345
37.74680538727468
87.06432655357884
82.60472254460407
58.07912378006683
83.07888236156501
80.86115088030732
64.61209370890407
84.53090502988806
81.2221826138628
79.59228868750995
59.03624346792648
82.64762064010763
75.8219355852931
52.1250163489018
84.27618374260749
49.028263666485145
83.28304481987156
69.61384540041917
80.05570573681408
79.74078934755961
79.18924368152982
78.69006752597979
88.23760897633949
76.72360295768402
85.99049845856075
84.70655774696947
81.098283967108
85.45956937196011
84.34954936614227
79.78602701492952
84.38241940987318
67.71441235316723
62.33088417729614
80.25290986089254
79.35078034075505
74.66671520694645
45.29997516230391
65.34183283484455
14.036243467926484
86.82016988013577
1.6846843178964963
39.644174957144806
80.42095197657113
43.81473918137761
76.56102680664888
86.03534527714389
85.37342929062848
84.02998401914299
83.3455749539934
82.28810758734112
87.02330053188825
84.45879522196014
87.43969910609134
87.24457529949724
85.9464457681686
20.418425517431327
17.275943764028593
83.93507755455204
84.37759937291028
26.16358581887363
22.65189165209058
