64.46256560936368
81.2538377374448
69.17910714668918
23.83874018317174
19.440034828176188
87.05174927806729
41.820169880135765
86.35551048722844
82.14668669802178
46.59114027119459
82.62146415732617
81.13537661158921
42.35745470593528
87.88379775037654
64.25929164376716
86.50740683914394
18.434948822922017
82.67359333983046
35.53767779197439
77.7352262721076
77.47119229084849
72.37770277133173
80.53767779197439
74.87599269168945
79.8409440041532
76.32869286780416
85.11159905187525
78.69006752597979
81.9509382983255
80.71995431229031
85.63648860833807
85.87987808748287
82.64762064010765
87.06432655357884
68.42009371237997
80.07375449334829
69.55045238920742
60.94539590092286
62.41797079220284
31.7594800848128
72.8083370247406
72.8083370247406
72.8083370247406
72.8083370247406
48.69138598645128
81.86989764584403
50.41186915231703
83.44164356066229
86.01747942817097
86.49646835521554
85.46773829129855
86.42366562500266
87.17287542183873
86.69813432556501
86.1646809028667
86.86753480143197
86.77135213036438
86.42366562500266
44.2778225384552
10.701350723899143
85.3893506813394
85.07938396363602
25.776174634286182
34.06315104979355
