52.95752522691715
77.29288649868342
65.85445803957835
72.94668523129906
74.52474491083616
87.09982979231131
87.13759477388825
86.96060043107309
57.144278049567006
82.34229030628612
55.92280471986926
76.38319105635904
82.30949858112534
86.17845407701643
82.77568430595467
85.12860896847592
75.14138555207533
43.45184230102203
81.50144112050633
60.25511870305777
19.179008025810727
81.3986151412851
49.63546342690264
85.99219545762767
83.87581393953752
81.33939632917021
84.25584167623283
83.5475371119975
85.0302592718897
83.85728184764544
84.9328382741468
84.99935540244158
80.68522024571024
84.55966796899449
80.17227598883689
85.95366277021043
81.91212002546199
60.59281093926635
81.68235075589361
72.25532837494306
86.45523354440512
88.72696997994329
44.3444704864097
53.01123161285603
63.43494882292201
51.03325300620071
60.78562001973158
67.44275336529435
83.8677775023207
85.54882599711343
83.61288297423549
86.01568399762778
85.86532862626359
87.4551956201869
85.8150838748816
86.25235502523395
82.79394299861673
83.90722834266393
44.641158473651274
38.89722034634422
87.42926288930947
86.4637466114783
37.28004765177017
28.84266013541206
