58.57043438516149
60.208039190635326
65.03101268089773
62.8121931357157
80.20910344691642
56.84639413321945
76.1276143680399
73.56394077536436
55.799515869731465
74.05460409907715
74.88652694042403
77.80696552449304
70.20112364547508
74.90195127070031
76.44871527305365
81.89775169299978
36.15818543980832
74.11283149723606
39.13039955698529
70.2355189946349
81.14958246997611
69.89376520164068
84.71305914976469
75.16006083808709
53.13010235415599
83.3064196195308
67.34064795999414
84.10826808523323
80.1806993612421
78.26487474140085
83.27897042436179
83.63475544435612
81.2538377374448
82.51261180285637
28.13709649294299
39.71229355234749
68.42345505581063
74.61879836415372
79.79602627826831
72.02617425514966
23.749494492866766
15.326917887922162
43.22853025996593
32.98852161363455
46.35319195377969
75.25643716352927
22.53325007900427
56.92725664569472
84.12260739335687
83.57125225117015
77.9052429229879
83.08877288097533
84.05848020624724
85.17923392190735
85.3141001604973
83.53592568062315
79.61819484076177
82.38677823403337
18.034285567129878
20.509242600101885
84.84441568259376
87.8728488871492
16.288287813329035
28.992197973977195
