48.3664606634298
82.85393450453853
66.43460412941803
81.99807590966756
39.80557109226519
41.027504059249345
75.09734576096888
47.17474411461006
50.1944289077348
84.73760460040488
68.92250588301327
81.3843518158359
74.05460409907715
76.55138494831348
79.64397375072998
81.57303097851933
73.26124144157235
73.94001269283936
68.63672616969734
74.72699313657648
84.40520254056172
66.13982480865766
86.30235354815481
78.02386755579664
46.16913932790742
80.86399099577748
72.73419050498542
46.39718102729637
82.58414462874765
74.71000864177601
84.6369305799533
85.27759312008425
80.3718438715133
81.56309586859409
79.60266647756364
74.09529711745735
83.26563063989381
79.93931020467704
69.19758170952046
75.23080146970837
54.46232220802562
89.56985958632283
1.08973395228976
61.14971009174362
52.61854648756894
70.08103650141588
59.743562836470744
73.9710216937233
86.63353933657021
87.69789170756339
85.83349511445132
86.29778714680059
86.82016988013577
87.7630209365623
86.13926737511673
87.37359436170925
84.45153370628194
84.95754893082909
25.01689347810002
15.830673383586516
86.52008249573029
87.58049078334366
25.688143435647348
24.310853472272395
