34.87532834460218
77.72804004619356
49.87389642220477
59.62087398863166
38.41805534482199
79.80401175271321
65.92450174492117
79.89941569443583
66.65947142944192
10.124671655397806
73.23744553816725
46.193489423982044
83.32400094381654
81.36489984594563
82.2806130446091
80.75058433292585
43.95837332399003
6.5198017516569164
66.31247366327922
14.743562836470744
76.39305405087009
77.29288649868342
82.66968463297613
75.71282771515885
74.05460409907715
30.96375653207352
77.4346516200927
44.30972280213492
82.03038960567864
78.7331146850575
82.71971091600629
83.22434383060099
73.8398533074364
79.45038842918768
70.8518625420604
74.88817162221343
70.65152846505255
70.62199594460698
61.18920625702693
68.60018986791778
71.56505117707799
89.9149914874313
0.3566081307254152
54.526609170684075
22.04591346237153
66.4439725631015
42.05595365001238
66.39480110298163
83.6598082540901
85.21430450762506
82.05652818940959
84.98202036136544
83.47046400115276
84.23211110208587
83.87306699450592
84.63584223766995
80.41216697518136
83.25741339328722
24.999269430820405
16.728496671639025
83.89722034634423
84.19327309446842
21.362974674685837
22.172880468440212
