56.309932474020215
83.31309067381764
61.87626461671118
84.68545433005525
83.00807465333222
84.63979253559047
82.64004584116803
86.55874071129129
59.808377039042405
84.39072555355419
69.22774531795417
85.43677024576215
82.94215335011893
86.58516515235911
81.16340886759157
86.33634504387804
49.08561677997488
83.63228866950453
54.24611274556325
82.5821627958672
78.55066201149998
41.710757321508176
79.46533522234537
66.25050550713324
81.01075145939845
45.93919094573559
84.18751761688728
86.05481377096244
86.56636963754949
79.59228868750995
84.48286402101195
83.58539819266029
77.27564431457763
81.4391104288354
68.76938885995374
75.29169610031725
81.86989764584403
54.46232220802562
69.21513898603149
59.84545208208383
60.76214776397256
60.76214776397256
60.76214776397256
60.76214776397256
49.844000375080675
80.08627597125401
51.51980175165698
78.27318056821555
87.0185387800178
85.3141001604973
85.2057679333694
84.73760460040488
86.16273788267235
86.70388402745368
85.7895015966978
86.0320818620131
83.17653760096648
83.6598082540901
26.84318384437435
21.121948825046058
84.83669318562646
84.3296426561061
31.7734671736829
35.02077832539568
