55.92280471986926
70.72561264336568
67.96377305985456
74.87599269168945
87.35745470593528
77.71167683672466
82.07567944783001
82.37395308316208
50.77432590266327
82.51496104962668
64.98310652189998
79.56665586089522
77.37177808260957
81.33019134298351
78.05582281155367
81.94239332142871
65.0007305691796
32.47119229084849
73.27718695634724
55.80439459753925
23.749494492866766
42.20110148642366
31.93068210371782
84.91173980246239
81.94558555361826
75.76271953423893
81.28254303540035
82.45057823173673
80.73547601486702
80.06590252964344
76.05676907944634
76.47360540594498
70.89551494909037
78.43405591648471
67.35518044573564
70.3461759419467
76.66316162208905
83.6598082540901
64.73918083589484
72.25532837494306
53.243446972894326
53.243446972894326
53.243446972894326
53.243446972894326
42.27368900609374
73.13748160475134
34.41836447905621
66.23776272889133
80.78897345918332
76.93068210371783
81.57303097851933
75.96375653207352
86.0320818620131
88.90530940814698
85.93663400706696
88.75101663337145
77.31961650818018
79.2157021324374
11.028036694426772
15.307884173812543
86.94711748520757
89.38968189136384
12.392713476946046
48.73924131837788
