65.46227152342222
78.3106308245608
73.45701659543747
82.14668669802178
45.0
81.55963472449336
78.11134196037202
80.2724214485984
69.56717132060132
86.48089461830278
72.22867917709124
88.55435657944379
83.99099404250548
85.50284838533223
85.40945681439398
84.85723544211577
31.7594800848128
82.35174906891402
37.14668669802179
84.06258390051849
88.6124842525568
86.65534968173412
88.50241226098248
86.3670492605118
74.1676133795778
84.16743625480866
82.1082975717643
87.4551956201869
85.8150838748816
84.89216414398722
88.28506980447345
86.49097341138344
82.6004053401129
84.28940686250037
79.2157021324374
80.64702074990674
84.8055710922652
82.763077974032
83.55046529615772
84.98202036136544
75.0464352468105
75.13464249226028
75.0464352468105
75.13464249226028
58.81502534126161
78.2136963603469
61.69924423399363
81.01726296002536
86.3380644244802
87.31622484053102
86.8588701643639
87.13759477388825
87.23614262908745
88.23080869395339
86.12874376801437
88.15238973400541
86.87219387871384
86.76638787511214
46.89458941216797
29.649863507575585
86.94711748520757
87.9816008332069
38.834064953768475
36.82380290155446
