62.7004277886672
71.04181659489382
70.70995378081128
70.80692820925006
77.47119229084849
83.56734607586169
84.01704349718395
84.91589659040555
67.55724663470566
88.94881925045625
78.3106308245608
86.13453883014826
75.83783194468725
85.438192012543
75.01836742760908
85.64892204842613
51.709836807756936
81.29980920084513
65.87901688055742
80.09842790580994
79.23424445525708
49.60009566626328
83.0345815099449
78.94854297333457
81.42228347498347
59.74356283647073
86.29371070278766
82.68098062440957
83.56126039889091
81.2538377374448
86.56636963754949
86.5186159302675
82.99061574337875
87.2118240823349
68.19859051364818
73.8607573488068
80.75388725443676
71.56505117707799
80.87897400546801
73.90918365114783
54.24611274556325
42.510447078000844
62.28149837181664
49.7998361139047
48.57633437499735
81.95239691138272
29.259335466934093
69.04817552013847
86.53177074108285
86.82016988013577
84.19327309446842
86.4049903389909
85.60129464500447
88.08446719069224
84.72610404264823
87.82024400825848
85.51539399045538
86.16273788267235
26.496597470684247
20.61225427236186
85.442580980286
87.57195149489087
22.88731625168273
42.341115605756585
