80.53767779197439
85.9603946773201
68.19859051364818
86.16375187753134
83.49248688719224
76.74528742235523
81.9751239361938
81.4596723441605
70.52969799053305
77.26359979520217
77.23443421894139
49.844000375080675
84.24707530055882
85.72721923239075
78.07067782276167
83.15132771170649
35.537677791974374
80.25766305378974
40.19204603696953
74.2679952148927
61.44418579148877
48.860732624883276
74.4636279763597
71.44740087115207
77.99979032811471
70.06746343806049
81.7771861094251
81.0433643920881
81.86989764584403
74.67107827269442
81.11934084947976
82.20792192178156
67.70637084030592
78.4325601384009
57.778733188406044
66.644435140714
83.15722658736907
84.16649241526484
74.22576349886336
76.46130256479414
49.398705354995535
89.41136544145843
0.8218093282529911
50.261700003390224
48.14495746469803
73.53998518795997
47.72631099390626
69.54212693452712
85.65676004831062
86.16273788267235
85.77559678291615
85.52212042615035
86.06710372776946
87.21346643050676
85.46773829129855
86.79281453272132
85.96228937902288
84.69489039378962
19.46866362968093
12.71310025299411
85.98582430458899
86.47854662307776
12.84770485871766
12.71310025299411
