37.56859202882751
81.95879715481931
45.00000000000001
71.67673871497595
87.24344312846347
79.28687697720896
85.44121033343892
83.84252766044636
59.42077312751098
80.18521332794774
76.09731288577944
65.89776549883887
74.66671520694645
83.61843946740656
77.39984017391933
84.94110195601155
48.14495746469803
69.84015439351306
67.2034785320574
40.71084667118098
85.12941898599944
61.88679112394404
79.46081627137177
71.27421215472744
81.02737338510362
74.79196080936467
85.0302592718897
84.18102909860544
86.5247672232699
78.91358698834037
84.63436907336018
84.32464411483085
80.57934744245537
80.34816653319575
80.43091559346279
64.5839937702482
84.10107225387527
83.60762631996298
72.25532837494306
77.76602217320709
19.290046219188746
86.13320304623241
4.573921259900818
66.85983877418715
59.74356283647073
75.67728002179645
55.26514046021372
77.13920694090547
87.47388308838046
88.27918516632714
85.40945681439398
87.40919801480489
88.05380488296925
87.91201616727666
87.62503848423863
87.49837718571824
86.55579748534672
84.11401216697173
9.615285405483016
12.149091607441326
85.60129464500447
87.7630209365623
22.228646391417968
39.36122404664019
