49.26789330029082
82.46310281172809
68.60710964801856
81.89775169299978
39.28940686250036
75.65066795705286
41.423665625002656
72.89727103094764
78.99645914825051
82.03621293928123
73.63892254465371
68.19859051364818
41.18592516570965
80.81945804237385
59.82647997035567
83.62788860306749
51.34019174590991
78.72928434361538
47.17474411461006
75.58404043036336
42.27368900609374
88.38139770151213
58.240519915187214
88.4784386435707
36.38435181583589
86.33221194446858
61.29404745659892
86.40574108952826
83.10257244224826
80.01257842498646
85.76360520094116
86.77895978449952
80.7333927592408
80.0905003001236
76.82744657667311
79.23953069397193
27.050597007086125
79.93093730111059
31.827446576673108
77.72421420622108
45.0
89.45948981286934
1.5911402711945815
71.2960588833815
41.63353933657021
78.10168482587507
47.33730585912382
75.4355125396162
85.82289303109779
75.67728002179645
86.92666748892665
87.52579553182956
85.66768601681149
87.75425743410493
85.26441696497061
87.41697933136494
82.5685920288275
85.60129464500447
28.43626477471754
38.068643201684175
88.43980031307133
87.87890360333854
55.25821580162969
18.877378480961497
