69.5377284765778
80.82192099983753
74.32047587758075
76.9811975702152
85.75154547063872
84.57084109278287
85.22269368289014
83.87749633851264
71.73209379275889
82.33713115816131
64.5366549381284
84.3753719585541
80.6723854893324
83.43123587817888
79.03661035367037
84.48130588494378
74.66671520694645
77.79953127261922
76.16717264610226
72.77251177354904
51.49934627965456
60.52411099675425
63.78862198216847
33.6900675259798
86.58544552063022
78.9828883812108
86.89757331782931
72.7839264122093
71.84729411334885
83.58121326976122
77.16439051359856
82.27817419986903
82.97160376105039
82.40535663140857
65.46227152342222
64.28102752266113
61.31385242626057
84.9693248590392
74.74488129694222
79.88919637761542
62.8121931357157
62.93889386252676
62.8121931357157
62.93889386252676
57.3277707113169
67.07459925596167
69.36245301531218
73.97413255155024
86.4384669110369
84.18437347050876
84.60225122351962
83.50647468746075
85.57521554825603
85.40319247029053
84.69267315066882
87.39743779750019
79.50852298766841
81.30449712257523
18.608835328548857
29.631536678203886
87.66269414087618
88.87983420240175
21.087682448249108
36.07829648705724
