38.9275435927923
80.91803042717125
48.81407483429035
77.47119229084849
83.82319881739579
87.0262689175199
86.2155200905121
86.42366562500266
77.38067770656923
27.897271030947618
84.41275603579565
75.00492087082402
86.36401982153016
86.80976570746765
78.65441365409582
82.596271147212
63.15949046678678
87.31022967684953
80.6704603573019
81.35457746574639
82.26640190097714
50.38931175997341
80.44571032759823
36.38435181583589
86.26860300083955
86.16773025380522
87.27368900609373
86.18592516570965
82.8749836510982
86.46258057001249
84.88958243896877
87.70103902031042
81.42476736016476
82.4605548604907
80.53767779197439
80.53767779197439
88.61779630330304
85.44783663000759
81.86989764584403
84.10193667829681
33.690067525979785
88.4711161941194
5.6637062580205235
77.09259132873416
56.52372170389733
80.20379008252549
72.12130340415867
81.48157729798525
87.33011023799237
85.0302592718897
86.98721249581666
86.82016988013577
87.25738864251839
88.34238540489025
87.4614554016012
88.33313291841444
84.24543466889781
86.39153114743367
39.06583454045106
52.01650174472291
87.27368900609373
89.49116986466382
37.24996357708071
70.02555759107089
