57.52880770915152
74.52136183458165
63.1780187984185
80.01650557292838
77.39984017391933
79.65977485125171
80.39026187494721
79.05781459099063
74.85429385556982
82.0730733173104
77.47119229084849
78.2152514937372
80.95419873840925
79.4341267288685
82.6004053401129
80.66500153686177
40.36453657309736
82.80783363260416
20.056094736575425
80.38891312011847
74.74488129694222
78.79656513477067
79.69515353123397
81.10414303033669
77.96279767963426
87.13759477388825
79.02775976218835
82.37580749554817
83.85639993994461
81.90447566187126
84.85723544211577
87.06874003219535
84.17365797044422
86.25235502523395
48.81407483429035
55.594765712337136
75.8465874121486
77.43255724645935
60.50863819682979
32.560437981153456
14.036243467926484
13.91687743330128
27.03086025984298
38.884496433714595
45.56726640985794
79.34861070354339
20.714174844348715
65.81264648325937
84.92039213998542
85.28524548129506
84.49452214202165
84.64417495714481
83.96999119171855
86.16773025380522
83.73650938566547
85.21430450762506
86.51420881687787
83.90413845540418
10.78993555125129
16.1261909332908
82.8749836510982
83.1335701975023
16.01432312122132
18.4745450706011
