50.71059313749964
87.83892051177364
89.50608310138125
85.61329878887096
88.20206814309948
84.65011111331017
84.31294662268496
86.2615559829164
71.90609345593684
86.74637741727071
39.80557109226519
84.715178907491
83.03903697375144
86.13654077911715
82.91310458992633
86.40004337133674
79.90894276111109
37.74680538727468
84.54121225067223
59.85861444792466
80.80570215345632
61.14433878028348
73.61045966596522
76.79891282429442
84.21099115482768
80.53767779197439
82.35959323897325
85.40945681439398
85.28846905389844
83.48019824834302
75.75864125255222
68.12652038874882
73.78661831001405
83.9559078377589
74.56657550477715
71.86713508892598
83.16656270909074
85.29214775562778
70.94603322745611
80.98291210625273
56.309932474020215
89.69791608815203
0.43960093528143035
55.52982189176582
49.53777250790665
76.7168122663283
46.7569883099082
72.3635469273917
89.54886145321272
89.11859600341786
88.63607246839707
87.2297842027998
89.20427644726072
89.93943365943777
87.6784694101673
89.81830151973575
87.33699923393286
82.40535663140857
6.981057406829781
3.6363369148048514
88.09084756700362
89.93917647771735
0.5285438584990872
60.16378997325879
