53.81725888324873
17.935607880826527
11.198428290766207
11.739469578783151
0
11.568485200232153
10.078392944634983
7.514274061990212
6.295188030731905
12.679900744416873
6.307941653160454
14.843863471314451
7.602773246329527
6.890977443609023
20.720902612826603
16.01026598226785
16.909018036072144
36.639871382636656
10.659524606628725
27.809215844785772
15.948167345427619
19.905284147557328
19.029605263157894
5.723052294557097
7.5497228562112815
12.82073310423826
7.0349053100631265
6.267967145790554
43.25938566552901
5.635618043350908
3.3980582524271843
3.6750620787513304
3.7683991683991684
5.251981505944518
6.459618208516887
4.000863856254319
8.214950272698108
16.063636363636363
11.96212402525065
17.110968569595894
231.29198473282443
5.669201520912548
29.040657439446367
2.4329896907216493
6.405714285714286
15.647058823529411
4.399244926852289
67.72947510094212
2.268513853904282
7.430806257521059
1.4234234234234233
1.7535971223021583
1.7056694813027744
2.7766920014477017
1.6941292550567342
2.7239766081871344
2.960666951688756
1.5714600794000881
24.12821140200636
61.715328467153284
1.392226148409894
5.875486381322958
92.14516129032258
1645.2890173410406
37.52759381898455
14.481185860889395
10.234113712374581
9.76327028676022
155.48674698795182
16.517475035663338
9.011746280344557
20.395061728395063
7.738618103910016
9.892744479495269
5.174785100286533
8.981996726677577
8.249586776859504
6.559930008748906
7.509090909090909
10.650055370985603
15.077495350278983
49.54838709677419
6.805691854759568
21.365853658536587
17.417509898812142
10.370661427635888
16.214452214452216
7.318253550762757
7.126092715231788
9.075418994413408
6.588
5.418010005558644
219.37662337662337
5.860438942037141
3.6487854251012144
2.494388327721661
4.826936744847193
7.4643719806763285
3.2937708783651014
2.0118702189395936
4.398167239404353
11.254536993950675
10.848675034867503
16.794344473007712
1358.7303370786517
29.015094339622642
0
1.9719887955182074
9.412607449856733
17.089555088791293
4.15935523362579
53.566550925925924
3.8794178794178795
3.5183016105417275
2.2964135021097047
1.67248322147651
1.5203252032520325
1.859789113707609
1.4669694467382328
3.699767261442979
2.188259109311741
1.3764658309745248
25.713492247165007
57.22473012757605
1.7426545086119554
6.744897959183674
58.42857142857143
651.4433734939759
96.90682196339434
15.58758109360519
16.426565242832066
15.110904007455732
0
14.054790419161677
8.021739130434783
8.277401129943502
6.7655942219304
13.189710610932476
6.0940910801656
5.530673530673531
5.076691729323309
6.300732442912538
19.181818181818183
16.30430220356768
125.66929133858268
9.919204474829087
9.415929203539823
199.5
30.165390505359877
235.58940397350995
10.463680387409202
16.246682279469166
36.698564593301434
14.703960800326664
2.750457038391225
35.01115241635688
8.961475409836066
15.085334695963208
9.050496688741722
13.42519326966803
3.46519054715776
5.03117968498875
4.361806451612903
3.031331592689295
7.802618328298086
6.964517741129435
11.763157894736842
6.035029190992494
182.40554592720972
9.210965435041716
25.10499139414802
2.975
6.8091312618896636
16.497722441542667
5.758048119281599
73.28900255754476
11.755102040816327
4.65390924002187
5.506692160611855
2.305650360257869
7.136563876651983
3.3293413173652695
2.2952677812411446
2.5060096153846154
2.5018910741301057
3.3186936936936937
26.69158878504673
39.568762957843816
1.482370592648162
4.251386321626617
35.06868272680676
91.85409457900808
