39.529411764705884
13.183577159037283
13.167381974248928
13.702314445331204
0
13.068679245283018
13.398659966499162
5.064385411976587
8.826027397260274
7.377358490566038
6.455642299503194
7.531552018192155
16.559006211180126
5.213255184851217
36.83779527559055
24.018939393939394
18.15077910174152
26.841269841269842
13.348119983100972
24.065411298315162
18.214285714285715
16.34541336353341
17.99074074074074
6.384286269933878
8.187039764359351
10.26433486238532
7.469322709163347
6.336272040302267
26.069767441860463
5.191026210573079
5.131296171927468
5.170415814587594
4.52691078889162
5.141358204605071
4.113540197461213
3.156526652853645
9.333787930446642
184.8265306122449
15.867924528301886
14.511817440912795
0
0
0
0
18.697860962566846
13.040371417036738
4.7766116941529235
57.6624685138539
2.5596330275229358
8.953846153846154
2.7919942816297354
1.6710418375717802
1.794871794871795
2.2877358490566038
1.4311676510676965
3.0010312822275695
2.6687598116169546
1.5625
19.628865979381445
49.69552585705985
2.7426470588235294
6.019543973941368
5669.6
151.18191603875135
