59.426705370101594
8.465019143752176
15.962962962962964
16.944178628389153
367.8181818181818
7.708225852679851
9.269156719291491
5.955337204108977
10.013513513513514
14.665289256198347
5.4714326729830605
11.690800217746325
7.51004016064257
6.496299181924425
23.7625250501002
14.595031055900622
696.3103448275862
13.37660626029654
12.201960784313725
344.348623853211
37.181924882629104
31.676792223572296
11.240706886045094
7.235462345090562
7.76657824933687
24.997055937193327
6.314977973568282
9.809124278972208
13.281385281385282
7.408602150537634
46.769673704414586
6.483068417415342
3.7430406852248392
3.8132867132867134
14.626135569531796
8.526051188299817
8.75
15.390070921985815
14.809775967413442
25.107438016528924
150.11333333333334
11.669741697416974
21.328787140769606
4.334038054968287
8.501937984496124
16.511134398742467
8.383856502242152
129.50048216007715
2.620731707317073
4.561797752808989
2.6053748231966054
2.1614906832298137
5.3768115942028984
3.0228810828230745
2.363849765258216
3.8844812554489976
2.718828451882845
1.9744355909694555
59.91732283464567
62.939448712155446
1.41901776384535
3.6016869728209935
51.41342756183746
138.09390721073225
