80.1505728314239
26.180388044048243
10.45152354570637
13.591872791519435
274.5108225108225
24.694770976895015
12.514820592823712
6.70757180156658
5.32778198334595
15.252885624344175
5.078838174273859
9.135348226018397
16.625954198473284
6.997469635627531
38.78350515463917
12.381026438569206
11.76270465660217
489.7674418604651
12.852872018810883
9.095535435529191
31.5254877281309
13.61042524005487
128.1056603773585
6.748745399799264
8.1502538071066
9.248479176415536
7.512736236647494
3.5592979127134723
14.92950717404866
3.8776535037662634
3.0546762589928056
2.6102771362586603
3.425531914893617
5.195876288659794
5.393827428819821
4.610248737609875
9.961945031712473
26.057971014492754
18.098969072164948
22.069182389937108
0
0
0
0
10.69777086573354
14.239219712525667
3.886522283873277
51.56713780918728
2.255639097744361
2.645064054257724
2.4204809930178435
1.3389084507042253
1.5271350441733278
3.0301030927835053
2.129032258064516
4.1159840521928235
3.2817073170731708
1.3336554723363132
24.59235668789809
141.65853658536585
2.5627118644067797
8.073746312684365
81.78221778221778
2279.8307692307694
