23.51194029850746
6.728958630527817
10.846068660022148
9.943490054249548
46.68862275449102
9.734607745779543
11.173833485818847
6.606324620845434
6.977876106194691
16.669873722188814
3.7893631910426873
6.264560710760119
8.669614655716993
6.367128827267475
18.38591740013541
22.956315789473685
234.30612244897958
14.462462462462462
9.365378369600519
124.8440366972477
20.72546280125742
477.8228571428571
5.823149741824441
12.756521739130434
6.380099502487562
27.789924973204716
3.8742184626700995
36.65748709122203
4.345425361155698
16.757319453480807
5.276482345103265
17.30195177956372
3.0545378850957534
3.525474956822107
20.87560843699297
13.714878671775223
5.632845681925437
22.916129032258066
12.495812395309883
10.455259026687598
93.25839793281654
9.199896426721907
17.47924528301887
3.901073261782548
5.093124456048738
24.364640883977902
7.158896289248335
186.457399103139
3.5756538743583475
9.925754060324826
2.24840914447325
2.5905292479108635
54.55528255528255
9.92200557103064
4.302267002518891
3.811437403400309
2.880052724077329
2.0243977764051886
49.37279151943463
35.22849038764576
1.5094599921166731
2.7927386390959366
28.79221831937314
33.85002094679514
