44.59404255319149
9.616068866571018
10.950788880540946
9.665111456713323
145.8421052631579
14.605088495575222
9.235504014272971
7.300699300699301
6.274464389114071
10.987951807228916
7.4271423807935975
9.692373976734165
9.481723237597912
7.569921742089146
16.95068493150685
14.765874561745228
658.5176470588235
11.125301204819277
16.361663099969427
278.0787401574803
18.0533035429301
47.15551839464883
8.642590286425904
9.002601908065914
8.225422832980973
156.73819742489272
6.436409679234665
18.233695652173914
9.873488372093023
9.090712742980562
27.88030888030888
8.775666564511186
3.013777024162781
4.674051695199731
7.769757489300998
4.211623499684144
8.680880974695407
12.354007979688067
54.6505376344086
16.92363416842741
157.28813559322035
9.864220183486239
18.807531380753137
2.9658314350797266
8.919435593991807
19.796800332432994
5.217615467239527
80.94311172035641
3.4026438997521344
27.50588235294118
3.8387706855791963
1.979896907216495
5.894392523364486
3.906050548889456
2.0872011251758087
2.771362586605081
3.6420776953295504
2.0539317367527814
24.936205468102735
108.38344827586207
1.8946624248851185
2.4584255453683213
62.9733393583371
95.27615457115928
