30.677083333333332
9.745194119864305
14.553191489361701
11.083056478405316
94.80145719489981
7.686194182712003
11.396144767899292
15.70375939849624
8.541516245487365
17.391304347826086
10.429172510518933
10.914728682170542
9.698852126941256
11.449367088607595
51.687203791469194
13.873737373737374
260.25
14.45
10.604832977967307
453.01408450704224
14.093830334190232
314.89230769230767
7.060894051390355
18.735156771180787
10.82484076433121
18.41278439869989
5.021784232365145
14.52009598080384
7.236851650344577
19.9533527696793
8.755205923183711
11.311546840958606
4.871714285714286
4.377470890874628
6.6460905349794235
4.788447387785136
11.035971223021583
13.774722059684025
72.8
15.107612594659226
1583.7590361445782
8.85
269.88659793814435
1.6206896551724137
12.491017964071856
18.025625744934445
3.8943196829590487
42.770440251572325
3.1588161734055857
2.4754285714285715
2.559270516717325
2.0092764378478662
3.800123762376238
8.271186440677965
1.5461024498886413
2.8902050113895217
3.24468085106383
3.751361161524501
62.317008952080045
421.58542141230066
3.0401829467494283
2.8070714834742505
108.46887686062246
34.50178228681108
