32.37903225806452
9.821218961625283
16.545862732520845
14.021067415730338
48.34375
7.343405616779239
11.944513715710723
3.9527363184079602
7.693595342066958
11.260754115772704
6.125748502994012
9.36231884057971
9.606299212598426
4.190405355150614
47.830957230142566
13.155567685589519
315.36842105263156
12.481927710843374
11.4869292436389
259.0
30.6935736677116
19.835972850678733
14.0
12.020565552699228
7.993874425727412
16.134453781512605
7.364370911889188
13.066072754268745
182.41610738255034
6.33153302866639
7.255255255255255
3.197482297403619
3.456
4.856661045531197
7.5485850664848275
4.488232074438971
11.811158798283262
8.97391304347826
68.43010752688173
10.09802538787024
826.1949685534591
9.134275618374557
82.12796208530806
1.3805668016194332
15.227108868060562
15.065086296527344
4.682294879703886
60.926677067082686
4.040506329113924
12.923076923076923
3.951473136915078
2.5023696682464456
3.4180569185475957
3.178343949044586
1.8766163793103448
3.0181451612903225
3.0879478827361564
1.7739130434782608
29.086071137659516
68.64800476474092
1.581137309292649
5.013555787278415
79.30434782608695
182.21533161068044
