39.055350553505534
9.486218302094818
15.40352644836272
10.033369214208827
817.1052631578947
14.291115311909262
7.551502145922747
8.360655737704919
12.832590706556333
10.24
5.546511627906977
14.050335570469798
6.654320987654321
7.118005738880918
10.498245614035088
9.152542372881356
24.591726618705035
26.187301587301587
7.93325457767277
38.35739644970414
12.204297726564933
12.022278803309993
13.272871917263325
7.883333333333334
7.025309917355372
12.326502095947834
5.6807538549400345
4.5085022129047285
179.4
8.46140350877193
5.184228890439637
4.130676823908585
4.870507022137586
5.246168815373388
4.482907832107313
3.5391346621293147
5.133969986357435
7.043111831442464
10.17283950617284
20.082412060301507
144.99514563106797
11.120253164556962
15.924725561944589
2.6065454545454547
8.861360718870346
14.256767515923567
5.050175284837861
118.98407960199005
3.6647440519105983
4.502149613069648
2.368986983588002
2.695
1.9171974522292994
3.2795389048991352
1.8506329113924052
3.5654257279764097
2.8149532710280374
1.9920727442294242
33.20776760341017
95.55669442664959
5.187948350071736
4.080971659919029
847.5
207.81042654028437
