28.290657439446367
6.071474983755685
9.3810460086512
13.21890909090909
75.16009852216749
6.57945945945946
5.948048301039034
7.162427941675144
5.186358754027927
23.15122873345936
3.2144578313253014
4.900547151593177
4.051813471502591
9.132352941176471
20.937586685159502
13.729475587703435
174.65413533834587
12.460634128963306
7.498342541436464
154.8181818181818
13.601662887377174
516.070796460177
6.327454718779791
14.445936870382807
3.3111279333838
118.60714285714286
2.6937354988399074
28.132978723404257
8.753211009174311
9.150663129973475
17.291311754684838
5.523780854906683
2.4590219224283305
2.517132867132867
14.65126050420168
8.05484793345464
7.821064996084573
4.406792174234035
15.671091445427729
6.8921852387843705
61.31849791376912
6.722178374112076
15.308970099667775
4.257391304347826
3.232876712328767
17.89032258064516
8.584158415841584
170.0463847203274
4.842540398346486
4.021505376344086
2.3265127155802396
1.6903860711582135
9.775494672754947
3.6303724928366763
2.2773813217499224
2.191946715107478
2.0741820537738906
1.7070681931309108
29.539740698985344
45.43545123431809
1.7550471063257065
2.2845804988662133
24.01615969581749
45.19898697539797
