60.76792698826597
16.8046490835941
15.366995073891626
14.305614783226723
264.02941176470586
8.476405946994182
11.524022346368715
3.8990683229813663
9.89103690685413
13.142771445710858
4.6421663442940035
11.587526576895819
8.654370489174017
4.783687943262412
51.10706150341686
9.670689655172414
70.83024691358025
11.343859649122807
13.563855421686746
50.92660550458716
21.82164948453608
25.57108140947752
17.610149942329873
13.240296554731792
13.43032949583168
11.44488188976378
8.892993630573248
3.794277108433735
15.950256035113387
6.385429485601772
2.096923386285944
3.6333821376281112
6.126574307304786
4.80162675101672
7.038801906058543
7.309600862998921
25.34859521331946
6.243531202435312
1806.2857142857142
12.53414442700157
0
0
0
0
18.632162661737524
12.369908960229996
5.268144138047708
51.922526041666664
6.9743589743589745
2.323869610935857
5.632155907429963
2.1087786259541983
2.5330739299610894
10.48314606741573
1.8004366812227075
48.4344262295082
5.867665418227216
3.23653962492438
61.119887165021154
76.77354085603113
1.4582278481012658
15.099437148217635
117.06122448979592
529.590308370044
