37.52759381898455
14.481185860889395
10.234113712374581
9.76327028676022
155.48674698795182
16.517475035663338
9.011746280344557
20.395061728395063
7.738618103910016
9.892744479495269
5.174785100286533
8.981996726677577
8.249586776859504
6.559930008748906
7.509090909090909
10.650055370985603
15.077495350278983
49.54838709677419
6.805691854759568
21.365853658536587
17.417509898812142
10.370661427635888
16.214452214452216
7.318253550762757
7.126092715231788
9.075418994413408
6.588
5.418010005558644
219.37662337662337
5.860438942037141
3.6487854251012144
2.494388327721661
4.826936744847193
7.4643719806763285
3.2937708783651014
2.0118702189395936
4.398167239404353
11.254536993950675
10.848675034867503
16.794344473007712
1358.7303370786517
29.015094339622642
0
1.9719887955182074
9.412607449856733
17.089555088791293
4.15935523362579
53.566550925925924
3.8794178794178795
3.5183016105417275
2.2964135021097047
1.67248322147651
1.5203252032520325
1.859789113707609
1.4669694467382328
3.699767261442979
2.188259109311741
1.3764658309745248
25.713492247165007
57.22473012757605
1.7426545086119554
6.744897959183674
58.42857142857143
651.4433734939759
