26.391393442622952
10.014084507042254
9.932493702770781
12.705577172503242
78.78787878787878
9.430781129157
11.298207495926126
6.0503617945007235
5.703193487789606
15.710106382978724
5.220256253813301
11.768822905620361
8.574212893553224
8.231428571428571
28.620253164556964
20.71850841291496
11.125452016689847
0
9.772375690607735
12.700929752066116
16.048639736191262
12.536184210526315
18.856485034535687
5.181793697818476
6.1166215810039075
8.68421052631579
4.778046811945117
7.311627906976744
32.02846975088968
4.053075995174909
5.438448566610456
7.478260869565218
3.6071932299012692
3.773030707610147
7.5928130511463845
5.627040454222853
6.712474645030426
17.772460117548277
15.156121610517667
19.078266494178525
324.74226804123714
8.741258741258742
34.7700394218134
1.7676767676767677
10.510948905109489
15.069230769230769
3.669161949972613
74.6693372177713
1.819510739856802
3.1235602094240837
1.9523047375160052
1.681510710259301
3.545684210526316
2.1958279009126467
1.6978829389788295
1.7901785714285714
2.2680151706700378
2.1527093596059115
36.39356435643565
31.43288590604027
1.3681318681318682
2.9561653599429794
34.28648068669528
115.33315276273022
