42.080213903743314
5.754646840148699
13.311586051743532
17.92301112061591
27.218516388729153
39.09409799554566
6.697015680323723
10.170895908855515
8.710505836575875
15.945945945945946
3.459816303099885
5.032493907392364
7.464454976303317
9.62962962962963
96.92307692307692
14.332155477031803
305.35714285714283
16.801426872770513
12.655986509274873
152.1840490797546
91.39605110336818
646.8319327731092
13.253146853146854
14.15114503816794
45.0
13.202146690518784
6.408074981975487
33.61490683229814
14.096729297146833
13.260837619397503
12.527335640138409
9.08619718309859
2.5102669404517455
3.7347767253044655
28.57492931196984
15.030303030303031
6.764578833693305
977.4
16.556828193832597
14.053199137311287
236.625
12.855608591885442
28.29819040125885
5.1373390557939915
8.503937007874017
27.174515235457065
11.678765880217785
0
5.318677325581396
83.78571428571429
3.600627286983795
2.698102357676826
11.135069654754695
9.792349726775956
4.457327586206897
2.9881422924901186
2.7830775611779344
2.4687123947051743
19.916666666666668
34.41969111969112
1.6470588235294117
2.711954711954712
24.147535965717783
50.10245078344717
