48.27621483375959
7.063860149839457
14.21875
10.758196721311476
0
7.815487571701721
8.066021126760564
5.331237911025145
9.430255402750491
9.338912133891213
5.598686174977606
6.58329400660689
7.467768595041322
4.9361702127659575
44.1941309255079
13.23451974646514
11.417241379310346
38.318042813455655
8.542311661506709
10.848484848484848
13.259668508287293
14.239810986414648
472.72727272727275
7.793792897642494
12.049586776859504
8.550185873605948
7.051764705882353
3.149518874907476
43.05882352941177
3.7658924205378974
3.4183976261127595
3.0477787091366304
5.637010676156583
5.869565217391305
6.333153638814016
4.057065676177612
11.568730325288563
10.324936108068638
22.286652078774615
11.635391923990499
183.37878787878788
9.579667644183774
24.90443942814146
3.861671469740634
9.053518334985133
15.600517687661778
6.679049034175335
76.09693513898789
2.8967391304347827
2.5330472103004293
3.1048543689320387
1.6232123212321232
1.7329132331555988
3.3
1.6375545851528384
5.49059481443823
2.497451580020387
1.5478615071283095
36.083333333333336
49.78517397881997
2.3910969793322736
15.372197309417041
132.373417721519
3498.761467889908
