35.62642369020501
9.922325787838437
13.512851897184822
11.360691144708424
585.1803278688525
10.456271186440677
8.574757281553397
6.9666818804199
6.84113527460376
11.659987071751777
7.332242225859247
9.873015873015873
9.953
5.875476009139375
17.98003472222222
27.704055220017256
177.5621301775148
13.24870848708487
7.710509554140128
237.44262295081967
35.80929487179487
26.0128055878929
9.221772379667117
16.10369206598586
6.416040100250626
117.19024390243902
6.063738156761413
12.265107212475634
7.171394326807831
14.98699609882965
25.317348377997178
7.614800132144037
2.8327598072952513
4.1594955489614245
7.727042431918936
4.517121891561353
8.647896654521364
27.635359116022098
17.413858868404322
14.477241379310344
254.93376068376068
12.722222222222221
26.386295928500495
3.114503816793893
10.114041339985745
18.178703215603583
6.583608525968177
106.27118644067797
3.136081560283688
9.983407079646017
3.136245110821382
2.1847632609469563
5.001147446930579
3.8089171974522293
1.9936323366555924
3.4533954727030625
2.4588364434687158
2.0543478260869565
31.813953488372093
51.755254553946756
1.3980657640232108
5.160122699386503
78.27835880933226
117.0889348500517
