0.19051004194624307
0.7688758984113973
0.5000470300499795
1.0123107613049034
0.03805038255075982
0.21920157197547546
0.2586576260782119
0.38054077406722275
0.3665660755886649
0.30052757345235265
0.6284735004173924
0.4247100610393604
0.44802923836089903
0.11993454032941653
1.097908533125844
0.15303551805525697
0.02355602105846729
0.8846889790830543
0.13921498437220586
1.4716569378904973
0.008190772199296613
1.0317053026727991
0.012973925660980441
1.1197442434961289
0.05786495220695083
0.926896629979504
0.1316390155274779
0.538845983308342
0.032750975848686366
0.17396002174664243
0.11950202798171973
0.1537168562280911
0.012449330978768299
0.10798752738687889
0.4413469256611591
1.2232718756412158
0.7511039162142744
0.2535043009306213
0.8495169128705198
0.8412147118727199
0.025184676533008273
0.9840724635808086
0.02842816757744805
1.0426110730766367
0.18524482065510078
0.8445081963426446
1.3595100596797158
1.5331704366999925
0.12448924349882703
0.028761596490623195
0.0992680201982506
0.17755328943587315
0.795294990986142
0.20231545913890248
0.12947279874067782
0.15896088450261756
0.07324170966535118
0.10872882335486425
0.6509636350389325
1.1946070137664153
0.13069567687633868
0.1511987360592986
1.2224084587409176
1.3398022859299952
