0.06730065742743192
0.7072238781410377
0.2152276773858131
0.9486007106163376
0.09806026368753278
0.18749002108274818
0.19010509141603615
0.4811247739406511
0.20763934404102363
0.6091698397679933
0.2454442374362965
0.09177727472101319
0.4443218311216518
1.069996130760115
0.4534283377977579
0.09052099900589189
0.03248055060736292
0.7417349377427885
0.20272059791473793
1.4777387458487425
0.13578994857942336
1.445969654848322
0.18109376649765474
0.03797501141391498
0.44636375044080506
0.834219069060749
0.845220067057071
1.0694691533468406
0.2205661255397952
0.07752446648825576
0.4527574742312646
0.05881898377209789
0.12407624350637382
0.2593926989810146
0.48687773788290756
0.4938960417895193
0.09485638423319526
0.09403918602524605
0.09236981396055526
0.20558250106094617
0.01615224337426192
1.2970320934162278
0.03448184903019296
1.131280337437235
0.1202202074542807
0.7857250359430494
0.6610809402537948
1.5640626477343227
0.12325315591417767
0.09937664317397059
0.10391201975313824
0.13545902657864473
0.040465448141207665
0.2031761768349405
0.07730976676166892
0.1363979715971389
0.08206242518908828
0.12914787524776966
1.1096876123873107
1.0521583558074938
0.18662657359914706
0.18438598187196262
0.8588561558888907
0.8654767828178834
