0.12736255002257352
0.536999938670413
0.7367451859450056
0.2009163243924365
0.0060719327753659316
0.5183623802533147
0.055749040302084524
0.2795182680194622
1.0299037687609724
0.3054247402267302
0.5342260335071186
1.1694404312233972
0.2865676729033794
0.10170365829175354
0.39970888618331285
0.2104415532924051
0.26447770738544574
0.09893349808377497
0.36532697269417724
0.12464301834706304
0.08878399690187253
0
0.079027144564341
0.2810155933153957
0.4008851615922482
0.09620619299281383
0.2986387032456049
0.0675349933651563
0.024283421804870038
0.3069106209047765
0.18836079869208436
0.1787032847175185
0.17131026649085246
0.14792780652411686
0.18029794284009434
0.5675407353509998
0.13139360665679886
0.09205546319567644
0.1712319095766858
0.13300202748079143
0.05292742951698025
1.2562737004575717
1.09555603951343
1.559053632849252
0.4578269424127412
0.897202171559516
0.12204403903151992
0.7642177940519169
0.2143676054583658
0.047128714331511876
0.12638990649730708
0.07438364448634122
0.13425790518766656
0.1089888947305712
0.08972857869883287
0.1432678976509949
0.12950059477775286
0.11482369100126734
1.1520018027833685
1.0881013053275168
0.08872499910818647
0.13621983234545396
1.2777008984636946
1.1547790210244302
