0.21077467766433824
0.6893083555769228
0.4643408352579063
0.44401618700247075
0.057320691954379485
0.8167683088330385
0.08094483173123941
1.1840821566421853
0.4608775647064089
0.14579012139252556
0.38634191737513063
0.29697713767760364
0.09024567804910702
0.26825242507384217
0.08845921170794036
0.3204787087710373
0.06529096578628131
0.9233528233134093
0.20770257416325438
1.4711852402235002
0.5525309382668315
0.04106646368605634
0.6603891133939411
0.0848088119635385
0.18295723811735037
0.03558706413401207
0.15381054959872784
0.04982062365918577
1.1673044084758954
0.25214512896295477
0.29478392427373584
0.31477919956677647
0.28968412434251484
0.340699349559847
0.2885677316966569
0.3325506780819593
0.053220942325460395
0.563992449633145
0.12188273074103546
0.7386548699384813
0
0
1.540815995936597
1.258572607294763
0.1155449329542032
0.5256002931572767
0.21566832850560194
0
0.1336580709902742
0.0968701641538341
0.18485688240635234
0.3657460583653274
0.23905872007504878
0.21240499999897428
0.22702905467293752
0.16936591579224483
0.41219983108311997
0.3597662356473198
1.1105092857141792
0.9644811745165276
0.2127522315472164
0.18041895279854378
1.0734895261023538
0.9691117874628282
