0.06734823024802843
0.733594521111275
0.13451321824794815
0.6933746390670195
0.16092744303023138
0.21700153350510937
0.3187443667832835
0.37313034355383357
0.14963762227863353
0.35120962197094
0.15223336816607624
0.45621523874586256
0.5831851296127871
0.25107045675002165
1.3012516212592176
0.5569029404191336
0.18353647099245685
0.037146579629947864
0.1360139058951649
0.14153459720542275
0.6886756696579936
0.21019182682875415
1.290039216147944
0.36796338581251353
0.0967404094124158
0.11814651036610677
0.08145009044300101
0.2347294215081665
0.2178573045624501
0.27455004080973955
0.3476687648249925
0.4763506354504088
0.3306965237455554
0.2438090801664573
0.666004307801482
0.592199620778676
0.7883137435878605
0.3369538945794331
1.171525657526345
0.5255498185935982
0
0
0
0
0.22966205587647953
0.7679507419724022
0.4968332143430485
1.3903930862810518
0.08400536719979552
0.2041564224978212
0.11650019852444975
0.11813256444313129
0.10649056605191999
0.09567212288312546
0.18031471277133856
0.3138364304040228
0.7894186230254369
0.29766240941134026
1.4020682329823648
1.5218780195503114
0.03131741821830442
0.2208332720798717
1.176018755069039
1.5446430220525924
