0.06180348582544356
0.6965230970107049
0.23412452489414073
1.1001417111007223
0.026241329982669717
0.18704512345793714
0.1213964909289729
0.26499661108002776
0.39123345376446
0.4473782102996799
0.4858170009163303
0.3969106797369479
0.24641343337317156
0.15936973963173645
0.3278080209933423
0.180201565623247
0.025203769487537078
0.8370668423154226
0.1404687459290465
1.4710372100233888
0.05832122273452853
0.11569589019611459
0.116429824060942
0.1129155739243718
0.0711720287537478
1.0070569619493512
0.16979912417993798
0.7853908759313117
0.17510612051505953
0.11877042412140879
0.21845253558971775
0.1237877040246292
0.18976314077155895
0.2584574122120828
0.3749601030257804
0.7237389674254624
0.12337409632609292
0.49548241569485313
0.1530686600557666
0.8037180602992237
0
0
0
0
0.1882536191426103
0.7519886837770552
0.6246842700105671
1.390216816542542
0.13072146539333812
0.21996904992599411
0.0747980216810558
0.21950895059452274
0.5028072465515977
0.18019829335961
0.18475820471487361
0.32831790661789023
0.17625928190712267
0.18375314685452
0.9735906957440635
1.213097911577269
0.09314137617244446
0.09253703214970087
1.1272441305305572
1.0455819669955813
