0.2162310842491114
0.6923332388773511
0.49876373102925486
1.275222996735725
0.0954557435399092
0.07587690658800116
0.09393120733398823
0.09267438169453615
0.48313933046276397
0.2322219068784301
0.6388847305657878
0.23987913190119342
0.28483044395697865
0.12520138675858847
0.4733872685711179
0.08638146646310126
1.1577650814985943
0
1.5332743252494938
0.006160700768610093
0.007871259848976403
0.7575283666708705
0.026772152038878404
1.3742705152312142
0.011270672506684109
0.7942741915335786
0.023048468649539175
1.2339587731340067
0.04594300529686562
0.3027064870518006
0.0528635630129688
0.2547052804002236
0.1629312506612314
0.14447708198728695
0.3024424045407017
0.8248184515904982
0.2833036206286361
0.4639773075600919
0.3102994066107223
0.7037443004534253
0
0
0
0
0.13234913279083296
0.7258920145418392
0.3749506003721501
0.8795430403214011
0.08925501446939677
0.2150973552745056
0.07129309137932746
0.3060510464009189
0.07500655035661455
0.18506920615304914
0.265071077181834
0.12096540767218497
0.07255390027652744
0.17762699125971784
0.6881853554258466
0.9027739879496531
0.20572268562383272
0.26006184525822795
0.8169172910452043
0.8619013087237548
