0.25251945707208256
0.6703212208115454
0.4398460736959779
0.7854765670261818
0.10785694421139157
0.25505132255164104
0.3983038690707805
0.2667045170876612
0.32038782771621654
0.24213752244890469
0.4824046833620152
0.17111540968155425
0.3384124959139958
0.06809313833721391
0.35839721394042545
0.1166345550461653
0.7246480262011306
0
0.8531514752176121
0.05293905509539355
0.04702879017869167
0
0.039978803151736735
0.11586568647843336
1.3667393427728158
0.18414967579257757
0.06078065814838352
0.21433731733482908
0.025236159806728813
0.9543868901334024
0.05895405808337431
0.4615624489728607
0.16306499749174538
0.1489377041727391
0.18409605309457458
0.2729140044591074
0.07709961545917263
0.0811601839281292
0.1014666356466789
0.10586410415979455
0.0038991046877849106
0.3596961136664911
0.5963995067775474
1.551703897433541
0.11108152778852905
1.0460904641495807
0.23085837370582632
1.5189584385237693
0.06571244853589911
0.06756962968163709
0.1129180577437676
0.10102571350803526
0.1746028956881155
0.09457596451464143
0.16069486023360002
0.11151473984272076
0.12137999528147352
0.11909521930346673
0.5887597759647762
0.9128804756340588
0.13924774594193218
0.04198327551938697
0.8363152140143326
0.7847178561432274
