0.2488113699044929
0.7316517825725564
0.6907526584694212
0.4390760710634332
0.09317862868678864
0.9328663698315927
0.10107105080171805
0.831209640693353
0.40190132678494894
0.18019152052489185
0.2393557963826805
0.17632297629496327
0.10962774238814074
0.07202149951859231
0.07054685772041368
0.10652035701160555
0.39362408828361917
0.043221940105811256
0.5333564272314257
0.15176722878926416
0.09704697656622123
0
0.08825013734714014
0.2539418376998199
0.25900502884185966
0.19205816599166706
0.1449812365879869
0.16442894873803476
0.1872637932783713
0.34990379185369547
0.0977542375437476
0.3517255118699947
0.1307885782414829
0.35679643906629094
0.25059035894269405
0.8569033211743954
0.08314052528987936
1.3714967102659548
0.19695418986601337
0.8129479998559366
0
0
0
0
0.3537138075674418
0.9142726717628711
0.06933681790342167
0.9048077086609229
0.0546927924997674
0.1876880770905295
0.04729692307966568
0.1582248928195585
0.1262973941765745
0.22918335491903963
0.11281774721297723
0.10131452038811928
0.05703644593011939
0.07754287200051846
1.2010882700576242
1.1022479070640525
0.13576358265899027
0.2165145929427298
1.109198566131245
1.3296330346142924
