0.23035533231058758
0.7341126551117501
0.41672020322507
0.9907162060304118
0.2550970816288887
0.11928579571332915
0.33649706371831484
0.13801120324765861
0.4630370516490161
0.12493585341775164
0.30656024205496524
0.2924077397552272
0.5354332326333592
0.12451261984040453
1.4017687591706645
0.29145741082130056
0.013390961671744419
0.9168523216977191
0.12588806377373488
1.5209036582190527
0.13427732467375245
0.11096665140705514
0.1988009640623968
0.11318197122695088
0.12683397573127336
0.9255277614720429
0.13056013390595697
0.8664294067917913
0.3216582061719755
0.08385693587587496
0.7870760561908721
0.10913906923938928
0.14022947482692227
0.13051488313505988
0.7713385989298541
0.899762679354849
0.3034452501851863
0.4870550494745497
0.42173277699037587
1.356076663387585
0.04837755997701007
1.3347596752476525
0.0524784526674633
1.0205050616541311
1.0840534552848924
0.6679801640263353
1.3165812711008378
1.503210938249488
0.11255775413598171
0.10248972193175333
0.07870963572989928
0.1847721335905345
0.11918500577125739
0.20336365350994157
0.06551797110155567
0.18074482228272126
0.1666244717018861
0.15952130964542938
1.2298420112927455
0.956260088181571
0.0707974564304603
0.1575422228164624
1.3432445111272429
1.3384575291671834
