0.12145915988179268
0.6903329093647469
0.2690553974538174
0.36536038251425257
0.13364585221523204
0.9851936102519534
0.13372971175553705
0.7971136255808801
0.1197211898415828
0.3732187011090406
0.3300172624775437
0.24689886487396845
0.30460199161074614
0.19495765811593102
0.20013117205009398
0.2526580002147536
0.1941180165087882
1.2106756279327822
0.39261352993035686
1.506724480563076
0.006593906402514578
0.80187487384632
0.021939892769088542
1.4145215562106648
0.2595521155124015
1.0438135034498468
0.4390695501052266
0.681223839920619
0.14189508959962724
0.11942183243828494
0.12716041000717512
0.12730952953276464
0.43170272318140623
0.12137770513924147
0.21601537414442892
0.09425327059466787
0.10006904315818597
0.36073127452053527
0.054141241955101845
0.7374473899868312
0.27055710595908805
0.2552733925832674
0.4712993729918301
0.912870672301574
0.13002668860239822
0.4265657057676848
0.201906214533687
1.037889376124823
0.6020286089256037
0.09601796603595301
0.07559269762905696
0.21213727792237883
0.8502411200775537
0.20779381358397092
0.32292268897560217
0.09750476472398788
0.12031086182704158
0.3193714320243649
0.31068967291297755
1.1557361986329808
0.14488553215377145
0.2512057907831153
0.29361216263569634
0.679379470814696
