0.027647360376572373
0.19770754293354678
0.10019971728044609
0.1035854613512922
0.012014865414990009
0.5980586225721699
0.0437000745286482
0.31571351169197154
0.7495626727958573
0.08196809993825291
0.3111697575065374
0.11294750659289732
0.13787567151424904
0.07821050771959927
0.1829689841597761
0.117245824244392
0.03146677364341655
0.09651709852052674
0.09505010158672994
0.06517983594359397
0.10518547089068839
1.5289279551334758
0.09666440807877065
0.33756128933698676
0.18512166134618055
0.08679415333591207
0.1734131942877342
0.0654312027113238
0.09248330952220411
0.5337024774967921
0.23512334537629387
0.2208200601591884
0.17535369341136509
0.32865873318991345
0.07910405767880098
0.3954983665407709
0.38049759996265076
0.06825595579773289
0.39029031837744266
0.3039828117568436
0.10152554736120235
0.5818910896133518
0.07740388694860109
0.30695289061839204
0.27849087626189145
0.0388505779442782
0.8043532041007769
0.23272834821159913
0.04189422877848159
0.13334790193874907
0.028338569532208487
0.18497497309452138
0.11777310881768423
0.18740222079078936
0.12651217733955536
0.12752499369319872
0.03153437880366054
0.1671171909538505
0.42145702302540383
0.5692177598200219
0.21615658825673523
0.08970333423145886
1.308127478193164
0.7656004316163894
