0.16220573989177023
0.7653444369215366
0.30083077035503614
0.4903178129581286
0.013810323728170832
0.18766999376031437
0.08779119928604065
0.1799628016144128
0.3781850487195024
0.8203461422395197
0.5145610047954242
0.17995186068222968
0.14881667535371543
0.11464787316243381
0.2576506491485566
0.12965209561509544
0.04183224228441955
0.8237805137585955
0.1777513281715761
1.4459974619611726
0.13991028802952538
0.004038280914319593
0.12057088681024504
0.06636668279415744
0.1433855201417368
0.3717379008620388
0.10121573068526296
0.18352447215148726
0.13451592937164036
0.09716682126791773
0.0678459627833338
0.18435526362862145
0.26850564638303953
0.18948481367662084
0.6129160020305718
0.5615983670423449
0.13032533998879567
0.2018144409200386
0.12436954237045508
0.661948730558412
0
0
0
0
0.1436822687206015
0.7814394778124415
0.21186512805796318
1.1045819761897764
0.040188890982123665
0.12395326209984625
0.04816120396642023
0.16133768889358577
0.1484577432344326
0.06625369557180952
0.08871377422289013
0.08278035651246055
0.08553363701840357
0.17632624964446653
1.2677129283323474
1.1176483393080516
0.048192416426392354
0.06596033842135687
0.9331645290808808
1.1057687391028896
