0.10601201712698943
0.6335171090385574
0.28758284944995643
0.8186229426946278
0.018966575668460113
0.6730564064688808
0.04201249184343602
0.6776861432858418
0.1779406903968879
0.8682026111548712
0.38878714073425263
0.12654199815098002
0.012187588442559169
0.4358539088791092
0.1842966477252626
1.000829842271724
0.18305607598661866
0.0339428291328211
0.1548906151995765
0.06513103964791618
0.8908355079465996
0.09273481640374982
1.4076589134270654
0.15464281861490775
0.22136627874704515
0.0722455875335533
0.6066839498643937
0.10019779927447325
0.21262699001543195
0.4695985435699856
0.0631535026495317
0.5506575991631739
0.3892739402076679
0.4119543346642293
0.36390792431047086
0.18031688127277096
0.5883917467905362
0.22181372112590678
0.27322258343733563
0.5447696718022096
0.01731412773504404
0.09747451499515977
0.921610307268886
1.1754022560148303
0.182130991575443
0.7250125892751106
0.35882692265915045
1.4180367466593087
0.15107585769432302
0.05325975780823915
0.33362563078701285
0.07208115037980412
0.05972377861558643
0.13481187074916928
0.07775807033805701
0.11124818597792542
0.09061250144792035
0.12105879240054403
1.1114289968523299
1.2158443481171626
0.09203773369990605
0.14142222698834922
1.2994964271365
1.4241639819677518
