0.07682599894019967
0.6778741870056293
0.13846085546567433
0.800444858669755
0.14487879954179134
0.22208059093434152
0.21918687045670546
0.47958272089084647
0.20298213098629886
0.8599041542115141
0.34906523198321726
0.2536765198340582
0.3135146093865438
0.1691963749000183
0.9297656822799454
0.27526751806165733
0.017443011608885853
0.8200515370037006
0.1268597992300807
1.5229829501313439
0.20684488909567478
0.12308949977987822
0.2636250545818408
0.15738809960750746
0.16656516387821088
0.9080421273278395
0.168182135871829
0.4742788660066003
0.41739853333332927
0.11827524927000235
0.9818137464593969
0.16125783060856938
0.18156715149018954
0.2630818267256324
0.5658346350402961
0.7608050314307855
0.09370883497512342
0.6639787821244735
0.153977291622948
0.28360857831169106
0.021562637460899578
1.2405992534137364
0.05987907849880339
0.7662979077249995
0.4089558081984819
0.6973798668465405
0.9155867793802246
1.4324493573637023
0.08854180977197353
0.14247962555995625
0.13164906800345166
0.19603170416489318
0.04495470320754428
0.1619288668287111
0.05861436327590559
0.16078403243038022
0.05734432384747489
0.20332041771945303
1.1885395088305906
1.1040406100315892
0.15601401573760823
0.22242471049631435
1.1300783473591756
1.1605399485672365
