0.061879789464373766
0.7726533964365097
0.19353680405950163
1.1776461978495891
0.11360962242416241
0.21387535528409599
0.2025558431566218
0.35238144702039415
0.18725319629094547
0.9980481867292964
0.33633495820529663
0.08090051481254548
0.45595363958979324
0.25937506755546436
1.2784051346760623
0.36998890433057385
0.01769421363297169
0.6975565705062406
0.10575221274427504
1.4551332106710375
0.04997624193260909
0.10572718268289111
0.11357152303544352
0.06803988744913288
0.10197903052457673
0.5647630925735238
0.09270396900813928
0.249016392296595
0.18371417124588713
0.08496753370302364
0.28651984586166224
0.07544785640952593
0.1995477456636242
0.18777631571173112
0.4715631483276046
0.7346547068541827
0.3544735124335575
1.317778683185598
0.13094449650261014
0.1272527248003248
0.010211338938811744
1.282010156496942
0.03167075402123168
1.1840302184150984
0.1757851233612778
0.8274137931080752
0.8165831174160455
1.4732242235738588
0.18907085310467514
0.2610379876294223
0.23793178247058644
0.18169305069299077
0.23883104226518448
0.280277605349732
0.21215191079415846
0.18036859348756648
0.09099479071710827
0.30144396929504164
1.0747981800170365
1.2443693801538265
0.1288029751301446
0.07842570171268048
1.3204215314160408
1.3163842326376491
