0.08815575456896368
0.6717964567542088
0.2617053604380792
0.3538997931306633
0.19371199890650193
0.22437769777509273
0.22876680614179845
0.16484467195227562
0.32432014948077637
0.22218565492746262
0.44067011080477675
1.026812320561457
0.29625379567456056
0.13733956451872703
0.43234363189951414
0.08693007771693179
0.08596326708273558
0
0.14458837906134236
0.1054940920211567
0.10078512582100224
0
0.07330836094730044
0.21362432878709042
0.08007253039220177
0.11497938249457178
0.0723468470133335
0.09425757691022858
0.04298490262802527
1.1877099194145952
0.06246508019365078
0.7815543790639059
0.3109487296264553
0.29077133736394806
0.30964877594673207
0.26875797578528926
0.9665331277608074
0.07586819965719385
1.0522821475670154
0.08311784877685469
0.42046876443933606
0.09155719288659155
1.4964480667290148
1.0862515162254043
0.4469901848614943
0.6166531778327056
0.16734272584124632
0
0.1089367813899282
0.069319673411961
0.09791246570775529
0.23727029173952965
0.09845925921320962
0.13317435158122964
0.14563642097746007
0.12670819026767602
0.37339453895193303
0.29506191111920993
0.6493778052955453
1.097538332990931
0.15999439526144213
0.13756456072729464
0.7302440089363327
0.9415043020302147
