0.1709116829409721
1.3140435120985614
0.14771838716077393
0.07536928109584626
0.4894282221693499
0.7050848357205156
0.28732331415425905
0.883469390989281
0.2441212914822636
0.09004133109221696
0.155850044910226
0.09079297838104826
0.13230173744081344
0.1081146423365736
0.08567528559279597
0.15130590348371012
0.06902104210707304
0.7634379621124341
0.5571951197604589
1.4554409166460864
0.24711335923280392
0.06659158323350695
0.27913995742790526
0.10333609115231814
0.5097092589045261
0.41556934179926874
0.36691729792165545
0.2162475592029735
0.3166832426545218
0.08069466071532524
0.6363004145031612
0.11761163354482762
0.11488566773507225
0.14918442613296679
0.6374251639439157
0.6657694135194149
0.09063963835859014
0.1545744509339326
0.16152437696304914
0.48978946431708137
0
1.5707963267948966
0
1.5707963267948966
0.3018765304528055
0.8861141419392357
0.8462073918580946
1.4595846805565844
0.06077077646376018
0.2406561096432021
0.061088670638837786
0.07360927893290338
0.14079418385548803
0.25115890801768576
0.24799520411862816
0.21277913969243226
0.023421962944797398
0.16914823292963344
0.7589433768949647
1.302525159490688
0.16157389963989935
0.34107582665894787
1.250416795608259
1.2278091733004044
