0.2494424140829796
0.8867307400780426
0.3329422527489175
0.863754557321637
0.05777978561607891
0.8847146241541437
0.1049136742409222
0.8697657713852113
0.5850823611986223
0.12713662267997028
0.9701928478463169
0.17765908614257578
0.10885942938860461
0.7040748626483487
0.10475556570338043
0.549168287685284
0.13616683800414736
1.0607463427457726
0.19909165048368524
1.4756017907455092
0.014469071278518571
0.8800183601774265
0.031485273531864526
1.3933400750741094
0.10379407400812565
1.1438116946043306
0.15396633789426198
0.9361517512425377
0.07927856870905307
0.4432229945881895
0.09565269434590842
0.5164916805076596
0.45214748236614544
0.1653272524478501
0.21695571434589475
0.364124603796386
0.0814282229401426
0.5400340653455038
0.1651040969323875
0.8527268532864439
0.023635347469047555
0.12797223831247978
1.0162539725560036
1.1512463014810872
0.08730521532505078
0.8063909634207271
0.12907050281305102
1.3197444595674712
0.12925596655743002
0
0.07696542070352556
0.1348541554822743
0.1536732898310859
0.3839308703488457
0.2751390728559966
0.2694674042257278
0.069689553789422
0.38141320246717836
0.5069264437651088
0.998420562917504
0.12732286455612182
0.1536277768120668
1.0416932739382028
1.3912535473412933
