0.09736458495216649
0.6675984986555359
0.2653297715739726
1.095524482321856
0.2511034408089583
0.39512357231146755
0.4244898312674254
0.6493302982303875
0.4348467083272048
1.0788817350989635
0.46669007001155854
0.40675948904221476
0.5913618680129322
0.46209456935113913
0.5953627410666202
0.34234673759796597
0.05751707216166361
0.8975761520572215
0.1368271863135925
1.4099815036253718
0.2304578525321724
0.16984724144652436
0.22780309395009002
0.14838327383485286
0.05874008711089765
0.7713392178337014
0.18699032881903102
0.6152106876131455
0.4131047824557227
0.16682971240179104
0.5350892835267528
0.1484917644078931
0.3308471757317362
0.1906987083829451
0.8559792623861405
1.114841985599269
0.9966231684725664
0.7656651969415843
0.03398471534872678
1.1040943969250057
0.0851642530310818
1.3341292662997657
0.09198867608255314
1.0682485554123726
0.6311913499418121
0.8203594615823615
1.2526549164081984
1.4598969539607227
0.11195632234066386
0.2296932125637395
0.0854263484282406
0.26794854532427964
0.21607946126298583
0.30857534498552885
0.13883678680832334
0.22558519285985684
0.10362897884113927
0.3157203274170186
1.3244071746386579
1.4143444327450216
0.08837045196148578
0.21298977142774764
1.4582459064439082
1.3398301956073255
