0.16797501590789873
0.0043682645609671176
0.13973536990465368
0.1491579793637584
0.11956060769129069
0.8115206770294612
0.10096279945616785
0.43924216363318636
0.1521409218350393
0.07147200790766597
0.18807877933767536
0.11338879662654458
0.12124760967273995
0.17390285716763987
0.0835886373904018
0.09264269040431726
0.7072351875614171
0
1.1825098041562052
0.03958328045797285
0.7128286628197559
0
1.25535622070013
0.03541534940016308
0.09926672058198098
0.12753685900288753
0.09214398369808995
0.0966470742563815
0.08739371013948599
0.2893707407139373
0.08214238308035457
0.26295118125539574
0.07703881596852544
0.1852008457213793
0.46966401132680746
0.3043782847438344
0.12155833472759214
0.059522126800714815
0.08040958039372038
0.05097020831020961
0
0
0
0
0.19573024869568073
0.10351793211489271
0.3265654324007021
0
0.09149734869972855
0.11159589249663084
0.1148691891894323
0.0964918899586075
0.21349467126015598
0.1792243434800549
0.31572361638268565
0.23994214826145469
0.06524913181455282
0.06965044328415125
0.2453804767418645
1.040113061055867
0.14606752947007867
0.3505012977456792
0.3825277114202339
0.627297248318005
