0.15463918860807405
0.819114551118958
0.2681437391849951
0.8156066371830405
0.005572910270141016
0.9608602321393006
0.05138043193915646
1.5353532254175548
0.14679555201210814
0.9364251608796956
0.3693270969624334
1.155341420314184
0.21594200803394883
0.16622885481375918
0.453283354062316
0.23980164966535453
0.47823424908238876
0.6583502858327077
0.69915982798549
0.8693271648425793
0.28980417316678475
0.2677625840613217
0.1550635913547942
0.17460390416515514
0.27890396507817655
0.37681350916411205
0.2912742021486572
0.4900770206211158
0.2556990550587974
0.2910375218705764
0.5897060855764913
0.6061340812941372
0.31828118776490383
0.25093882315230503
0.7374784371642478
0.9815051586644014
0.11933853335452456
0.7743779264404791
0.3443809360630738
1.0988360782323443
0
0
0
0
0.133078510153412
0.9996039238454321
0.5293701531079535
1.505255343113992
0.6288969598379116
0.19242855034434755
0.08612057745517847
0.9308488191638222
0.2331697694309351
0.16702492969937097
0.255735373828004
0.23550696132406893
0
0
0
0
0.3009955245995438
0.8511372298859944
1.4883553550733257
0.5129722763205425
