0.03844629262181444
0.8618681334276526
0.19180524913619101
1.4127616007924748
0.1635602179021265
0.1316462561262284
0.1576752480433598
0.13958860523886868
0.10406734193512938
1.242589175523562
0.2068162346561423
0.04877985248933656
0.3382898040690671
0.21417901440348472
0.4671601301592077
0.1522694499269202
0.006379074939753255
0.6622864362525223
0.09628089895089245
1.522617612713087
0.15861895745101068
0.054561616468885105
0.20142415583048828
0.07272114382081507
0.05905261089175776
0.30116401307843577
0.05419598712133608
0.22225770895391977
0.4309211309108258
0.10752887741187075
0.18298540700207955
0.19799865026445257
0.28629545317816063
0.3901326639793622
0.5150557772193777
0.529830137041214
0.3752087710559679
0.06892014047195308
1.3835643619330245
0.16612489416481477
0.6013271841311248
0.7995845869768413
1.5563062651759392
1.5635600116532729
0.0028532509230500248
0.794843906658396
0.2643623636364022
1.4953916293090552
0.022314325107741464
0.08698285281164228
0.03120196005995411
0.07543668579759931
0.10743006480068572
0.13563806827149144
0.19917846390920604
0.08159804931267468
0.028613333449987084
0.05310342141722049
1.3209719172957273
1.2867121139392443
0.1760435269708418
0.09536964850496178
1.3201292621397953
1.312003146949475
