0.042984738886658644
0.7423898189969635
0.1715207870091646
0.7495872603723814
0.23375694681080725
0.15372956898516246
0.35635486606825817
0.13564164213844068
0.2320429581070284
0.7269142316451738
0.18556048554040389
0.4720103708083043
0.45571183830444895
0.13078173486671302
1.06318169598107
0.1940323585130028
0.0537442471683494
1.0197223449525634
0.17610957895443505
1.1100097542500083
0.5072765936293757
0.15655301723543497
1.0767338723683688
0.19204407050906705
0.1966208765742577
0.07440113231009272
0.17070561939988513
0.21926014435760727
0.21254724487234786
0.229587804794186
0.13004790575378544
0.31500984100488466
0.22829422684389117
0.26306101952530636
0.5579695301484345
0.6263651193854003
0.05851430245090852
0.07244571215705159
0.13904982347844633
0.23012681911483301
0
0
0
0
0.12205415460209999
0.8345449715681925
0.35768252177740206
1.3773668556871632
0.20069784975866048
0.12993743662903667
0.1242121834578482
0.14019183939489555
0.0669218846812262
0.1717328114298759
0.07757301857680989
0.1440363237118948
0.09009752449425862
0.20023231083662205
1.2457150576556144
1.1595847347335304
0.13874070688638265
0.08506068716289146
1.463351327774479
1.388889444364145
