0.06013356054067333
0.7183208482431421
0.1709577908333208
0.7086323085668157
0.0990343295364575
0.3506698862616309
0.33335066024908255
0.4978484975106177
0.19370607813141927
0.2573088991654508
0.324961512400849
1.0133953967907268
0.4518737623594262
0.2806733808358084
0.643446999915278
0.4194576538194183
0.24275483494394554
0.1265447384079881
0.23702767716862783
0.17774334004555395
0.13318953373148862
1.1032786762637952
0.15263554457355272
0.6232413625335941
0.10307754073664523
0.19970042831724105
0.0636711526914473
0.226529665883081
0.24114928463107432
0.294422162292655
0.32102926883339056
0.5532915539428185
0.548296759686831
0.5043224386701798
0.7203417230868728
0.5308115395349386
1.1529173785444118
0.5559665885085767
1.3838028142375092
0.6965442693661573
0
0
0
0
0.04940356222040554
0.9347495386657069
0.5725128949131106
1.5206375351913828
0.051111888265783806
0.2959901467717575
0.0531438187987485
0.1403926291706204
0.30112851309641014
0.21692226067644518
0.25731449742489015
0.2697103259642726
0.1825676419679585
0.16750498935248062
1.4489818717347613
1.462138453794829
0.2551718030477963
0.06690388635506855
1.4934616640574507
1.4106343147884195
