0.07820199663737627
0.563337514619025
0.14436849652986564
0.5284857513767794
0.004955264478343476
0.558813492569768
0.030782133135045225
1.042096315123281
0.1643153332091967
0.5504057629395263
0.31928437980701124
0.09404533009299719
0.15368287033511888
0.16052565897568646
0.19997606574026264
0.10083107457166769
0.0626596363706472
0.9018192062421168
0.09356627152658988
1.3159247623188923
0.039960822970773795
0.05107765828628935
0.04644012696108659
0.03893451664029455
0.05996011197298243
0
0.049958924166333046
0.02632788623761764
0.16026554313096442
0.07485006384417266
0.1683148997302106
0.07040201982758862
0.2726199715102431
0.17799117739312564
0.3278247505071395
0.30112099512624696
0.8377511134299661
0.09379409951443264
0.6774892888299964
0.07758404388659568
0
0
0
0
0.06419916053846558
0.6654275162379617
0.11040987008815827
0.9994314679764021
0.02281209173369636
0.18240113482743128
0.02834063666338329
0.099026264773409
0.0568084379153737
0.10436454525088248
0.06388054561805488
0.10524963292235637
0.05070051694425246
0.08132983992502096
0.6342373528353705
0.6678436299553937
0.06131221702219919
0.18680508094495293
0.949624444515619
0.8095283269047133
