0.5627092963897216
0.8212637757658499
0.901150521296344
0.6352006211802335
0
0.7253355503576282
0.4480356873229154
0.9296948903684121
0.8585062797891183
0.40331766446950107
0.9099730120411476
0.966351616120991
0.8612963358331852
0.469714190243013
0.8595617659108807
0.5319403443011342
0.33550713908854696
1.1247316313152076
0.36291638370808277
1.1270090850666563
0.019924142286651722
0.9352906228864735
0.1669530337402852
1.528698927778301
0.31969338650411927
1.2607811558303739
0.26037867688252825
1.139437827419449
0.08348065482171486
0.14025984882913733
0.10444657359717702
0.13331394776926542
0.7561659094170022
0.14115724699160506
0.29808048333986015
0.4040004942280615
1.1693034695198077
0.4444550332795731
1.1403528151069648
0.151439664968019
0.1377527467311139
0.14955207197273315
0.7744770519925335
1.140328845195322
1.2230626453899047
0.3605925421767193
0.2367577904423285
0.8782505560513345
0.34688866791046985
1.383695826471521
0.42362937715207255
0.3904051297634408
0.9608380994969143
0.20705423338374296
0.8096113129905895
0.11574006096299992
0.08092217563672958
0.22295259129375614
0.267810132092394
0.5106584153786558
0.27874770625860723
0.3368889762349863
0.3872974543468751
0.23298585254826432
