0.028667745509913183
0.6623848246599371
0.09721526081543459
0.45199844690034674
0.2570557748002366
0.29005932754490626
0.5397313921839838
0.4293525501009659
0.16448194431871918
0.6045095415164454
0.16074825536072135
0.08042153166658225
0.8153241304445361
0.20425711401705962
1.4450504763123955
0.5092563740612943
0.0785668527373996
1.1357939011231843
0.24898620522816112
0.4718896425157975
0.4573399105483194
0.24215374667673123
0.908804394377938
0.2172311670222108
0.2580707601816062
0.11532785229141276
0.15817132618455687
0.3028105648022065
0.35704588242132596
0.39055890324040554
0.2700758927972912
0.1916949676767629
0.25420888824150767
0.3579820767728752
0.5319335343160952
0.8015480660757751
1.1045453800702967
0.4383149388929113
1.422249395724299
0.7233713979812906
0.6205630811521261
0.7272315522846822
1.5554006343126594
1.5610607236112315
0.1701510846222436
0.8698092012312638
0.500282232508652
1.4278836443000245
0.09680558456691517
0.07939787529417659
0.17346766168320768
0.09689197352353986
0.1985027059901292
0.16988280902724434
0.1982089346857007
0.20994412047273237
0.20826019354148328
0.0682181089288726
1.3811645409062898
1.224492921148877
0.17372493403453132
0.09154264789237707
1.3072062564498985
1.227487564796467
