0.09161379752672968
0.8501739999900172
0.1419780488124937
1.3707588593475704
0.34824841800367395
0.04659334548441043
0.3764884909507371
0.06941704911426545
0.1413114525557852
0.06320167804485109
0.12575509098492088
0.06884136230748952
0.8805537733588135
0.1009136342095093
1.4847229743336272
0.42326299318604177
0.1397696739839165
0.022379666378696466
0.09440956964528897
0.09092956838244173
0.023711965722243034
0.1360931463838904
0.037117838579953995
0.20662243087874374
0.07963144615389287
0.07184434293409055
0.0907462206967833
0.052739712096749554
0.012590688421467159
0.41985403756153944
0.04411439090077332
0.3433419934101964
0.12231742452089857
0.16928328908485074
0.15732602061909676
0.4777819318175038
0.4534894586451818
0.46170088708913426
0.057926772137591565
0.32885031304379697
0.28058553173718437
1.0517944246915696
1.4837473976461952
1.5624797490926579
0.16230898378519373
0.353435228519118
0.15160479925726905
1.3139015990014387
0.084747661099564
0.06660480209469165
0.083425549235509
0.19314889007228622
0.03606352950158951
0.046701017657681816
0.051184642024104415
0.13479624894096873
0.2625912122533039
0.2487587242393223
1.0801942045127344
0.9285067915947229
0.03773156093083162
0.09362292874716038
1.2868925359392245
0.6882960827171553
