0.07440271233196505
1.1493065650058105
0.21611056262599931
0.3241907502124319
0.9386915006219126
0.013285228572346217
1.0827384356505083
0.7172521283421263
0.2179742582890483
0.507155282874593
0.1757727058200321
0.8822433220497312
0.49271537174540997
0.39647404713256995
1.0489265263669272
0.47533129062217805
0.3713335119035503
0.45584003732786493
0.7747591078988101
0.9010940233491314
1.3142179792365212
0
0
0.11564356049431739
0.6914874914199747
0.7725881098791325
0.4350613836019533
1.1006829133824525
0.2611081355324435
0.23092863792541576
0.4053140919144741
0.2658936187860377
0.3824514842464352
1.4511442795040412
0.307900123006118
0.5116474919402022
0.48482677079069747
0.33569785999363905
0.6694218395696288
0.683385477034051
0.6459865281303461
0.987495370867596
1.5125100829237805
0.49687992559497485
0.7200407687160564
0.7379456503652131
0.8671300053601861
1.4271028771487146
0.5591980083553213
0.1074831936825812
0.15593778110620501
0.13703553763127882
0.7043809994398599
0.33248250377327193
0.16618868579437215
0.18941503828265865
0.1112241336818176
0.2685270012513612
1.3072357210009435
1.342483851769427
0.18503084218683305
0.151407879699176
1.3220236167628119
1.26531100176276
