0.11670836390382566
0.7869398892150768
0.0071429786113417285
0.8126166694779872
0.0785612209609743
0.29418375530115826
0.33362564365183495
0.7232848950008215
0.23240566286149433
0.8465182659395761
0.08247018060236491
1.4636815725728702
0.5047825708275846
0.24241436426989343
0.7647218743928929
0.24569245165255796
0.15820274709034435
0.10820181560987521
0.1338727495969824
0.14538801881114766
1.2139690666310927
0.40127490829444606
0.10483537550481878
0.6486197035953793
0.15364746469016702
0.10094047234471479
0.14795964084014057
0.25252535410677024
0.3038704854651387
0.09420384349046353
0.5222123550787343
0.33287086879560707
0.3220520024596472
0.332238263437003
0.5694142587495199
0.6103569890689254
0.44935463046610463
0.5920788477598171
1.0079571501830205
0.8226485330702231
0.8755399887921784
0.6396463824315144
1.5650897463944058
1.566250383935376
0.1485346475494374
0.8278344107709215
0.5167302214129691
1.5028509710976836
0.011027900516490958
0.024647318808848944
0.03038529923941944
0.06376980765400654
0.011886347566667184
0.046485820583867014
0.034858122087058706
0.11389828364824164
0.019196143646285503
0.13347563202997803
1.1557641938472774
1.5352811322185402
0.007454454853811614
0.25214817124603284
1.2588912048654628
1.5590053876273335
