0.18288365245983526
0.7483602227053093
0.2612472438823213
1.0333999886764125
0.22704801194616395
0.23953484088128338
0.5389855863050788
0.2753245313606104
0.4368833287642013
0.06621410863245374
0.2914885947842248
0.13984005584405917
1.1512146590720993
0.3362188241502837
1.5615940944123965
0.7094622732471232
0.049343668729398084
0.9621031406989446
0.21334364513685647
1.477159686403285
0.061462374862215494
0.020793477489942314
0.06516483154181037
0.03907656247225812
0.05068954378869307
0.9588127474632164
0.20650334229032674
1.3953326216880746
0.21251514672318672
0.1177011080502037
0.3257170839015048
0.13087395514606573
0.18317351472432522
0.1488543886950563
0.7218238384766138
0.9716600555022253
0.1051006953521139
0.6754366635027812
0.2161772210898968
1.2744682143808916
0
0
0
0
0.2510507612271018
0.9020967213933998
0.40449766816510757
1.4189214703090969
0.18334925974004532
0.12196762406818623
0.14224086440085862
0.31635390993856227
0.12188366985345109
0.22561215637825136
0.13077869126082278
0.3467573490518188
0.2135786383852097
0.17269271880168552
1.26542917264294
1.1326250466559664
0.19079842938674463
0.2116831920977647
1.273143009079328
1.2724852030420206
