0.166880885624535
0.8708956090621874
0.19965662563423808
1.3096997332383407
0.10943819223058845
0.2906636935988005
0.2527108645915802
0.537812658423681
0.42859442231270845
1.562322359058438
0.3410026318251251
0.31753871180182175
0.5391684314746737
0.3393371622828245
1.0307647734816403
0.24409097569599605
0.04326735257672058
0.9955897711066962
0.18897166027869025
1.4760048720894752
0.09774168024705103
0.20181403037838358
0.13501849665548887
0.11805710379771595
0.22368961335193635
1.2986878127143422
0.20448585386708565
0.1295842042136478
0.22395652272343985
0.0955320642941653
0.24130645341292117
0.09282138954056876
0.2583752506941239
0.23748020204475734
0.5462683383221469
0.7722671182965956
0.8466591658901349
0.6948610357542006
0.05193794893334449
0.7631945846486953
0
0
0
0
0.3514242307978025
0.8565967918656644
0.5046313289500022
1.350582864986948
0.1612144423787453
0.15518907910255442
0.23732668679070498
0.2540785089612928
0.1491920414574594
0.16014622418177285
0.2595078363773514
0.2257198037842613
0.1729940439840021
0.13063656261052944
1.3087551479959207
1.2551065603657603
0.23402390140239812
0.20899403754306273
1.0664319011114074
1.0705870757013385
