0.06704113751464329
0.847101581279658
0.13271027460601034
1.0250003455978278
0.25468342064906246
0.12644990277409013
0.28626007392725833
0.23448844823261716
0.16166043240412617
0.43807431990751466
0.22302848121651034
0.7701774603566242
0.40105279142323264
0.19280393468961912
0.5241422350733532
0.16885744521087134
0.2540701918336224
0.0880810126546558
0.2554061949682771
0.15574728078982783
0.9671517207037503
0.35541452951468816
1.0839825009036361
0.40551189025610074
0.23244639452022722
0.20049294929288417
0.2656292480723055
0.26665849150150933
0.37079154740880016
0.26300023659801414
0.42037213595296463
0.4854922441661809
0.4307525073734382
0.35647280500856837
0.6620148392029959
0.6909849434902556
0.6194772468377162
0.3614327874095597
0.9612418640967664
0.9684856874883958
0.6948819348885809
0.6877022624800557
1.5598924576128759
1.5619723295850927
0.32626910179603513
0.9190680169338575
0.8692390664376087
1.4656808578148048
0.09568335230367239
0.07575521253871943
0.13178437344210667
0.08510721680050627
0.13365602837719956
0.018938199570278483
0.1663122540602043
0.024926896656710582
0.4083036979142397
0.18344211479557598
1.5052839958318034
1.4376333360474456
0.17695072856678665
0.005202927787892442
1.5545853790087276
0.9280113580867998
