0.09340653136020839
0.9622718205025601
0.13103446694478316
0.5936336221856414
0.7543435422958437
0.28226881335897025
0.9401960272299394
0.5167052252224563
0.15135840524810032
0.07670165037970855
0.1885453199657797
0.08277882735609819
0.9358145627285109
0.7141725183142158
0.13601878260404818
0.5069231623016875
0.07363836209489917
1.328378107349253
0.1286455685956582
0.7959619888608798
0.35543610469082093
0.19472015519059277
1.0054792025393624
0.24398118768290672
0.10175268076198715
0.1718171926576516
0.08995379843476059
0.23103573018417933
0.2038502669263518
0.1910909990056146
0.17326482439965168
0.22427528040739048
0.17424332881338897
0.30525778180130086
0.2046440141646326
0.23593905745267502
0.2788500128004697
0.381681549734667
0.9774521732055507
0.5176418116128005
0.30762995154210904
0.1439010866996713
1.466270684217522
1.2661587419055205
0.09075112556633501
0.8755842450116335
0.15260024843743317
1.371440898005272
0.08553406942489379
0.10019737297464902
0.14155184277031901
0.1382404170391707
0.09434742883653814
0.140961059959669
0.18096536823686687
0.15784956113363194
0.33177154129440956
0.2523159848918694
0.9367898054937783
0.9895949277443238
0.45025370618291477
0.26862780877754544
1.4469643369852174
1.3000671290138293
