0.03388301031047369
0.4042320900609107
0.14209229626156963
0.1563755184972524
0.1649402367052681
0.21774337435792934
0.20860642360330267
0.28551514836613073
0.7443346096995829
0.2239112513907734
0.16914512633907022
0.4372853116831785
0.14424760470786469
0.14971474589604772
0.19447020391746375
0.2692595523748092
0.23286575467208517
0.08587008883034182
0.2667026258134011
0.13599461074285188
0.12815037133277077
0.09809146113849984
0.057429184552624565
0.40294005415700634
0.20111670201617357
0.08969708288034364
0.06962499884512811
0.06043735718411535
0.115546128086564
0.2769563321668208
0.2805011349697877
0.16298400884611608
0.10044882336231713
0.3304733436111431
0.17136239682751514
0.49581024845159943
0.12358808222020505
0.010158098997801684
0.12704205638090948
0.06726002271307206
0
0
0
0
0.013194036107119248
0.8303990023012093
0.15730091500965707
0.6934081276631067
0.06599769439815481
0.2604681043352635
0.09221078940852137
0.12128607373923876
0.07332155607663647
0.11879969873791345
0.07232168890416658
0.03754584789088091
0.23749178120773934
0.10308286934731166
1.2539175047695197
1.1737537776493798
0.13898304021386074
0.12676726285693335
1.417379504422622
1.4902890603263241
