0.14954870853915597
0.811465175827782
0.3743366286388762
1.0623250169068073
0.30086323712692403
0.012635909865254126
0.2993987899532687
0.07255342661360842
0.24664489915283028
0.3871865256751258
0.5390490109890336
0.699112164259673
0.5786891076085787
0.1476875117279473
0.569339655709376
0.118940159216517
0.02484463084026116
0.8190670444263922
0.1090972154584758
1.005893848519207
0
0.07061231139908568
0.005462552885603919
0.22836503822997356
0.09114754101369113
0.4547373043759388
0.16032731281724902
0.2675879412934642
0
0.12309760313215491
0.054537224960983705
0.10216514982329002
0
1.3799352863944265
0.003996991779763319
0.5871610867097116
0.7513476870972436
0.6088177039466018
0.3539975163777041
1.3300626147266006
0.031909945534423285
0.841961462522262
0.022422855034034385
0.772475846977867
0.4311336228484457
0.04338215820550199
1.3918905260901282
0.2444400353969059
0.49049941791492485
0.08213475996817493
0.16374992686917897
0.0936550296948793
0.08026857454649469
0.21294164435469462
0.16996426570870465
0.20713055669134744
0.20265308212330566
0.21674785961601772
0.8235178676335947
0.6308140550672083
0.14923626129953826
0.1523653019986281
0.8949087132060883
1.0529534958538684
