0.21807961105556492
0.7611782239460684
0.3350798868875924
0.5227661634716525
0.09498185497087704
0.18042652497269962
0.325678986355226
0.18586268921475113
0.320961680485588
0.8559442594682536
0.44914016909146653
0.190528702051903
0.6667710387758383
0.12936169330441652
1.3172013314608457
0.27840634671305103
0.025503479175532782
0.8467377118912449
0.1202496584549808
1.431955086409939
0.08185487254215107
0.07327158745428239
0.11916786539519386
0.06410240662203777
0.08228464304739445
0.6007518167858082
0.11842512821477671
0.3251721301842096
0.314516943043014
0.12843067702490288
0.4875457856922027
0.2116660537830604
0.17530409590048823
0.19429800635719632
0.6644686809672489
0.8806607781094851
0.11154927281615129
0.7514209770357906
0.05401475320617747
1.1982949229566933
0
0
0
0
0.19655447257688843
0.8300716108244991
0.6438725065383676
1.4025324863977935
0.09481503981572603
0.05281536461386051
0.05072293145149652
0.08870478258142041
0.057210212578574136
0.26576259331150437
0.06280042920863717
0.15310272910663636
0.06226158551246934
0.14823960593463475
1.049358664894333
1.2200202269221305
0.06274795764474225
0.13133661152363096
1.3596874121780593
1.389702751051862
