0.08558552779876609
0.6929486292877255
0.1108867440009144
0.948178127301086
0.052966674437567564
0.9194610761315136
0.12590246306544275
1.085121329750982
0.13480918589428176
0.8120639837470744
0.27811798972497187
0.19037977859456506
0.07840880342808625
0.8034195296311288
0.8096697961602409
0.6556370824411503
0.012624749590673
0.7638478069589552
0.10637642103673908
1.4789889308721178
0
0.1508767530596255
0.2884381150435506
0.12942855185404134
0.11437848058217215
0.030719154943032144
0.13940750731605683
0.06280350381425275
0.7231697275778509
0.1285188259366008
0.49906398826829756
0.11005097627922406
0.25886226609594265
0.18312473768721083
0.2367448458549404
0.31161404543370386
0.7710246993838957
0.4300837739992424
0.30899803528791964
0.20878344616933908
0.11500627537951696
0.11503931246776804
1.0069324760253568
1.2342623736946838
0.44091084324392
0.5202677245247801
0.28243840995533687
1.328419252003559
0.231229100166059
0.0771739393257967
0.17565187009379307
0.20332223555604295
0.023743112562359982
0.2052888695683358
0.2010045062368692
0.2658775487122338
0.06512428932492716
0.17146983954501607
0.7724136228214848
1.0388808042205935
0.062332894311415366
0.14957564768704484
0.9796910678341624
0.9522091196634825
