0.045827711369853245
0.7294466884620969
0.15272129192203063
1.3776693305617145
0.02704853567168992
0.8186192492399932
0.10411256576327899
1.2469500701347787
0.27665492891953364
1.277652883873997
0.3579642011819925
0.14406512870534455
0.5077623774442805
0.29170801664804413
1.3791155785854314
0.826476650797224
0.06743232812387236
0.9472727783828856
0.22334158726973843
1.4582109256464404
0.19645500006017275
0.024431750439847032
0.17551732687247795
0.08259238412464069
0.1706595263817205
1.48817210727472
0.21980991865656016
0.03749177338002988
0.3590402044919097
0.13735299314864505
0.9074429697559513
0.17506551962969297
0.3955126460194243
0.36096276080427486
0.7102970817506896
0.8806241054549221
0.17216835672356678
0.806815495703089
0.4021897843827806
0.7372614785942285
0
0
0
0
0.1866541959340214
0.9320143433806983
0.6619396398284515
1.4310116109005064
0.18706288591843187
0.27353301911776656
0.17353937749140452
0.4091959808192516
0.07115986449876048
0.4241654693820233
0.15041323337138437
0.25672736606232616
0.21629232759055467
0.4202283632158867
1.4165899294606052
1.2092694811201656
0.179126086256005
0.23594545409653198
1.1864663197923335
1.2060580059400432
