0.2590864555872903
0.7879395414207354
0.018954860457315644
0.7295994695762172
0.06431121519034474
0.7497162367385755
0.07887153198693864
0.8002892745743477
0.2686471003826452
0.1558183979117499
0.2153836215997396
0.14842464394301483
0.1224234821955717
0
0.07333298051109258
0.28577737403999337
0.13888654092853855
0.662579089038438
0.5408656997623568
0.5332778784954704
0
0.10429219978628959
0.08031881048957294
0.09215082032793312
0.6097943384155806
0
0.526307426611969
0.5791029883580865
0.22289986658692096
0.12520607079900856
0.2276313101856569
0.12277332506297156
0.3739367673900474
0.3979677323263127
0.39419992632406115
0.4377476377406997
0.6418107302155663
0.5821913654283258
0
0.5033190224322555
0.1799930265998998
0.9016567490905404
1.44100102541595
1.5512691909972791
0
0.7818503686343274
0.06860433651194621
0.8891684326254007
0.11263207374786495
0.07732313882535456
0.030732283016968773
0.1005845427904469
0.05390325176849656
0.6316970990679378
0.042052595868926915
0.3417232539703368
0.07780716922365226
0.07003529034686408
0.5282802109920133
0.9412341499972203
0.07651237096330804
0.09914455161275337
1.0246709385422053
1.1374807856704228
