0.05486915503019706
0.5706298195477179
0.1472545962240475
1.2229343537258497
0.013706759125830689
0.4118314100671042
0.14296363435032422
0.20209943901837726
0.21347816681588394
0.02986617797427266
0.16526567601567654
0.15974931895515776
0.2534527636704778
0.3756370395337156
1.1894899642651604
0.38258175526832416
0.014709868722627806
0.6944083557051505
0.14710043354134839
1.512531009562604
0.14615812572970732
0.06487510184083181
0.15254906353214015
0.07785561513224204
0.20964513684364022
0
0.553424126437229
0.018864898341449495
0.3402178729342064
0.06164065844463827
1.0538964835589326
0.0627968222481848
0.23672062444749048
0.4518939960160137
0.678314122828458
0.3308102267912281
0.19183781412850825
0.2277329491171148
0.055996503955117675
0.4285122756760495
0.22636192208644562
1.5192526704393503
0
0.6085589784305924
0
0.8462047385308182
0.6232763920831097
0
0.16592415575568004
0.09136671152057543
0.06226943435859777
0.058142001651044835
0.03699667349836898
0.09900758532993721
0.08123248807537253
0.08325114934823474
0.09755522700906667
0.10466423018476684
1.3375263807544757
1.393408702268729
0.056086891074184644
0.05538721980038177
1.271304065431404
1.2296157387888602
