0.11347171449409527
0.6909883206236129
0.17961755640054416
0.8980733801015464
0.18601299981024136
0.05932852898176213
0.16908304249484044
0.14808147182584608
0.2795863392414832
0.7282845574837489
0.36157121212794335
0.2420871204857212
0.38755969751218805
0.2572187606954904
0.767458650011817
0.21816287551174496
0.008136107772063162
0.62227286632737
0.062478078736309214
1.4363028253824741
0.1145338564699557
0.15179954360485834
0.14343742665598766
0.12589486673206238
0.05316809442223511
0.5124334501323646
0.054030315790244775
0.20533941372859343
0.2021239097732881
0.08724429083142937
0.17768172936456006
0.11006690502729197
0.1701631495803701
0.24169534519077515
0.5861952590117121
0.43311254734299837
0.1586880414556445
0.689127649227955
0.26053714543533174
1.2193335069708409
0
0
0
0
0.16614087103943753
0.7998082895947332
0.7315104182749064
1.3731782608242047
0.04712575332631537
0.06357896241585378
0.06215395401389073
0.0551594965138672
0.09572995590678768
0.1723044977924414
0.08157309369863182
0.20789342891441787
0.08378794054537507
0.13219586686671675
0.9329884359200975
1.0757009259075943
0.17994440920869856
0.038492101387423004
1.00184877774457
1.0744069650473056
