0.2661410877843965
0.7478286069240603
0.3643685466728008
0.5542024391226924
0.2533589618009179
0.06835201254245911
0.2597481414401302
0.1056521857417963
0.3314087648887144
0.7861205459134916
0.6112904775966649
0
0.3264405595380905
0.14388899680213643
0.40154365719458346
0.17196900826777392
0.00521310255034343
0.8324323764455378
0.196402389062565
1.337816105868205
0.4805886277714217
0.051238781570208856
0.7274188629432673
0.09570324162414634
0.10148243468197989
0.05785019312022537
0.07355106233960186
0.2316431861508552
1.0556380770365128
0.09985833759253658
0.28103300430809924
0.09647153693012378
0.29340517711039915
0.11556680494191336
0.6004350116473391
0.7349377041125982
0.6071830703869232
0.3050750444761147
0.8820276430016454
0.3847468848186539
0
0
0
0
0.17034764746222972
0.8824271501697049
0.24236942024268085
1.4302456891580064
0.02905385331816577
0.06667429892148057
0.032776114012916836
0.09355429681595145
0.20958133193673067
0.11743053880370699
0.14226711735561817
0.09036516227012155
0.01696369609995252
0.031588744385610566
1.258975871276698
1.3050315730127242
0.09253712678392115
0.16030854865740635
1.1742823197528403
1.1937113864397282
