0.09678578677734863
0.8956709024397556
0.2359673517743425
0.8011368813210554
0.009540805520744607
0.3120094280637976
0.1708432966186585
0.4968066893261413
0.3149904060098708
0.4732151235421251
0.27214279343736014
0.4729404945153039
0.2489002050659857
0.2279576075095289
0.3886926002541769
0.1802787047627637
0.22656896502943055
0.1302000835465913
0.2903523164882331
0.14988650535466203
0.05284271852222012
0.7245925731436722
0.07524869120565002
0
0.35144880772508047
0.10188063314877689
0.5285897878063899
0.0964984960468369
0.06611747206965642
0.5059774482285552
0.2121777672181975
0.30492440498400536
0.21643676826898328
0.2744074269739704
0.5677486854249796
0.43152504817459175
0.09987333235080323
0.32039706750571884
0.16266740646455577
0.2591649097269507
0
0
0
0
0.13570530307590792
0.8627411376248075
0.5174318304315629
1.4551125218276115
0.09006915812396436
0.04967247766534642
0.1890484346310733
0.056840023587353725
0.1144429376126113
0.06818385056207114
0.1030413591497871
0.1417473090223674
0.10372902611863033
0.14131311632997764
1.3218309109270427
1.3246600533947572
0.10262777993423791
0.17992076086503572
1.5004553281575905
1.292516627706336
