0.24396601768160056
1.1778638335162623
0.5468528366773174
1.4277362188952993
0.12228375542524174
0.16861883012035506
0.1663414760501152
0.21414217808506356
0.9028609778831231
0.018296102189439473
1.110427749745039
0.3360416936946709
0.43610794466925473
0.3268834253532985
0.4973635968633204
0.46821374171100333
0.05339545970932232
1.0002394999187556
0.2601548781893309
1.5198391702273022
0.008757556749263389
0.8334109205107002
0.00951883609092721
0.6749015548023451
0.14554264259153693
0.885266831638319
0.4282850938161771
0.8885428730122398
0.15193921732707222
0.09072175489669264
0.12466853647032126
0.08348943149700785
0.2847246623901845
0.291954441396201
0.48178395261253704
0.9645460913090071
0.32514927301443347
0.907895851491111
0.337785050995362
0.5679971033527191
0.021235423232978164
1.382848556139594
0.027812995565847307
0.7089059353066737
0.4321315936088292
0.8058264911687212
0.8719990543974512
1.3974776041455004
0.7390122390369678
0.15842210513010396
0.20873064833770322
0.3191176774990894
0.19432382817304697
0.2815011084841508
0.24824627521914558
0.33877687994956707
0.21263524285602867
0.19810522695600546
1.2945700735893582
1.0973833548545295
0.3939978776647883
0.49443039148694706
0.7811741542390862
0.98209634208851
