0.15464839562818022
0.6941605038999467
0.314986145637585
0.5077123958036056
0
0.5481636343763949
0.08104270108011731
0.5963965478819362
0.2759153432393493
0.7346393968047946
0.4750277571851279
0.06516586831543894
0.24628810584313193
0.20715970273154458
0.4866727348771483
0.18331151928360181
0.04929784414548389
1.2920643372312928
0.09175524426727472
0.033940576470160765
0.527321162378923
0.03486235653146143
0.5955334324122061
0.0525403288820127
0.07153457477777031
0.062414797379588126
0.07606279373214025
0.05803187928738806
0.9242928750077739
0.3732324842242343
0.1731714220307477
0.3823165536872711
0.37079374038629426
0.2736989006064362
0.3068469345372443
0.2042994049845608
0.07242965737247233
0.15073205424213248
0.674437271952493
0.18808678789062647
0.15075826288987568
0.13035263861339388
1.0050530678560523
1.0681733350137959
0.05345728648155903
0.9115460778544787
0.13086530449875344
1.5707963267948966
0.06761628775944578
0.06866690585507869
0.07706783492007445
0.14789346251126126
0.03305683660250045
0.34690398122664573
0.08077138208237764
0.2139140314035013
0.10994866322709793
0.26137919409991983
0.7453369786891494
0.8320014753037156
0.13773728500846813
0.19305517374758602
1.153531223462702
1.2978070473604277
