0.07526710814703964
0.6533250722602866
0.16841565319042462
0.7248014901921818
1.4355838715314049
0.058882306895194816
0.17567018482879312
0.1900359447388342
0.2946611380215063
0.41676767746120374
0.5324967710435851
0.3161903964622823
0.23087393584836907
0.13578690602746826
1.0048315237109193
0.8270485692292947
0.10704535166404609
0.45740005518207993
0.09670969251380075
1.4204347048456174
0.011400207096331954
0.4509549709392793
0.025744000188493293
0.7417290432877679
0.021832709032004665
0.4910107262578113
0.1346907576650311
1.3863439020475428
0.07671716405772509
0.04752015484305685
0.10175431296365607
0.06048692538226233
0.02055359686276655
0.10193944196609496
0.2671578297719092
1.1996039941088834
0.21582326711472372
0.0594193415433934
0.3513736533651684
0.3937642888650082
0.05222381429895223
0.6505508062064543
0.07907385071984539
1.087534046409302
0.1295631628459182
0.7489228994939683
1.5024773381876064
1.5528032554310798
0.45512432684472093
0.25593092148888674
0.14283538174721863
0.17063251478236632
0.6068747275242119
0.07379896645666766
0.40802568057401417
0.07281214471320584
0.1766129440184904
0.1821049966201297
0.6608863973677596
1.0904876742389185
0.22700867935917668
0.2094080294371021
0.9594613180948359
0.866357527571685
