0.19072368860745434
0.9228669703042549
0.2967897446079649
0.8283056461796278
0
0.39239805283333506
0.06003224989067037
0.9613836354420918
0.371063916088189
0.8495466179155552
0.38313782620848774
0.3539737576270551
0.20768251565581974
0.16915904480684185
0.5161885521019738
0.1300965208115953
1.0110984204006754
0.47021268779953845
0.17225826045634132
1.0243926635610783
0.007742630026011994
0.7695543838490706
0.011252990661834312
1.0030421189506962
0.21059231115990745
0.5258903972058266
0.2880695608827069
0.24390006915594659
0.09978335514843081
0.05496155213522099
0.08371765743446265
0.0941393948052163
0.19478996486821948
0.13087680506752433
0.9299780770149432
0.7544720556534759
0.3180892778161457
0.4190371502730575
1.0511209756996833
0.6821257130631794
0
0
0
0
0.30576543160542813
0.8783847099788207
0.589265825444182
1.2334120423871466
0.23906825713104796
0.2957059324946733
0.07928495013143509
0.29196735136020013
0.12810944260016502
0.10437439787631654
0.16244138744478442
0.2105237929002205
0.04908471154432123
0.13527870166576236
1.0410065218868971
1.3052873656716186
0.2229112387860307
0.28033403527981454
0.9710024644611337
1.1033311421339793
