0.031784136593633903
0.6431388901887107
0.0833135879579113
0.46783038727798515
0.007423041763864225
0.38058808935287947
0.16336218121488857
0.5857251887831485
0.08221830254048879
0.649490637071951
0.14216906521331107
0.09783195241032713
0.6193974434095427
0.22179978155417837
0.41785444712575487
0.9877932337846334
0.028709956733385285
0.8340373149524993
0.15415497625660762
0.13048022070536006
0.22796985009276505
0.103158925325542
0.7319189996768946
0.11199677272763939
0.12304408378652229
0.0841269812205452
0.13788890241139187
0.07343352157990617
1.017083782856375
0.4333463666110825
0.045856831616927794
0.41189126464319037
0.21060437400932763
0.5234373787269405
0.6635483701664724
0.6094025144906027
0.4130752411114953
0.507989490115864
0.15781347485684524
0.5977283136864006
0.05913402204961032
1.2367674719726052
0.06666386762992185
0.8853283868284351
0.4353302529403699
0.6989117203796662
1.1477052450782608
1.438460576733358
0.09775881530366294
0.22747578723978412
0.15971844410958771
0.19926146751284937
0.0450009818956563
0.09039857350233214
0.06781970456988493
0.15896651944155962
0.23213638181955895
0.20466454559988648
1.296530205045569
1.2277434936620333
0.12675142102222803
0.11217776248800664
1.3233134818938588
1.2294568707758255
