0.10070494126843427
0.5760099439119739
0.21307398548172535
0.44252066700992304
0.24295092274799454
0.061866462761892685
0.32383745117448054
0.09234160896771203
0.4962386390386984
0.4415637708726347
0.6283736533441423
0.11944311397927322
0.32940736017971806
0.07226786511944745
0.38066809253610084
0.08928417718775229
1.0699429596412258
0.10975972993511572
0
0.3295097418202704
0.175986403626321
0.4195916654981512
0.07563009449310239
0.6062570079573382
0.05165964954256699
0.291022534847498
0.18681885834087827
0.23251043664117418
0.06141256590852985
0.36522551688639493
0.11527151590497968
0.47947713289660937
0.40923547771363594
0.278553697369737
0.27872161447993593
0.41626147717080725
0.14509784880637425
0.08920481231700128
0.20644313612411352
0.19496006142721004
0.09787334703064593
0.1977087983851962
1.4354351032965746
1.4838236456827907
0.10630651127592339
0.995184263943077
0.3896795811359742
1.52387235555493
0.09741953910700524
0.08921736681449952
0.1143390320569397
0.10449665371676665
0.05144627330239963
0.18802569567483454
0.10705336170572956
0.16817371676286474
0.2089556024276727
0.22457452456322735
1.488055361727782
1.2414112982168912
0.1521725876924602
0.26241298579759514
1.390286626885593
1.2829108660629207
