0.08985297097042509
0.8798370177437371
0.17580317701804105
1.1331281105431934
0
0.44341334653757813
0.09679695326504843
0.7534543070637603
0.09030313782993725
0.7655980025478223
0.26352914346418116
0.3896613299498593
0.3262606116882439
0.26938001118311855
0.55367057565895
0.3084939437626181
0.07368396229436924
1.2550367378325356
0.18814422985902537
0.04032553301112239
0.5565257392274156
0.11527325209092862
1.111402811226907
0.19372912368708295
0.18577926598752717
0.1037895097377697
0.17517536909152823
0.17283044489205587
0.11319290666437258
0.33793071618188614
0.1902720060737459
0.1249206945954768
0.3093382315344546
0.3948216448833424
0.8740990948674792
0.8458281663257132
0.858054492468253
0.5162520266853206
1.305888452916427
0.9324208827842164
0
0
0
0
0.23721072884940553
0.9443288783919317
0.6303784999352159
1.4425868360922092
0.11559053493785135
0.16798987131829748
0.11268876222290827
0.10882634540674559
0.14125444533628426
0.1291857930169622
0.18966457542651222
0.10631191307618465
0.06870325290845765
0.15696417051342104
1.2848840209515764
1.215286634631723
0.10222227547202854
0.07737002766002711
1.2557483128657796
1.2767461916992842
