0.1150281020874333
0.7126645134137838
0.2077202379609378
0.5074757698674197
0
0.5314844045397682
0.2004581678286273
0.6114561620107968
0.25459168316330905
0.25325661011209416
0.1990854713846137
0.6933368524096942
0.3514184613375447
0.22694757274094668
0.7353702807424951
0.36354853600508324
0.7496716073839231
0.6890538741252875
0.47626683693097277
1.4262175235068888
0.20775635545724794
0.03618329598558068
0.2517752369106466
0.055704608618469834
0.3218010788722237
0.09991184712748417
0.3055187394994168
0.16084658785933675
0.7458971924569073
0.21255154914960944
0.4489449581643078
0.22592731769158964
0.42988795046005857
0.5893848715072071
0.702170544140394
0.7192458166970132
0.7394354580824283
0.30162558998635725
0.8015701859458217
0.9468099007440249
0.10988867921689245
1.3505085910740566
0.14093171621692
0.8157214384119158
0.6311414952466973
0.8830670137560105
1.2595333592361078
1.5001299318348933
0.17590056484345176
0.23823583657485697
0.1866686627744331
0.22726248562805346
0.2064375045970441
0.2142397059518614
0.22384443018074332
0.1927501697271103
0.2678409211817242
0.34407840103449583
1.0517295347217772
1.3550960197181756
0.1867056905560398
0.2760341134360863
1.3962290027429776
1.3762595806494355
