0.3717449231741774
0.8132936071798778
0.7067550815290707
0.5822794533090186
0.052467406608733676
1.0039042176963746
0.09863964889522295
0.6145189743601227
0.5678071112931736
0.5098301498930324
0.7526581850899249
1.1529200046884787
0.6099406749503886
0.24000508838905976
1.0740057697444318
0.38701022663751644
0.22988569618035978
1.5406542576535613
0.2535331104080345
0.09028666390599321
0.8544681979815717
0.3937862817371829
1.5012089921190088
0.4588753653517071
0.09201787615318938
0.30280757916978124
0.07026223410842249
0.3203550458121294
0.1486419790182736
0.2619371582490192
0.30609982131262925
0.27224085419496163
0.4785214486423957
0.41485392985067643
0.7586994580654435
0.8442327526453566
0.3076300208474262
0.5103201060830721
0.322024458474503
0.9571739716298058
0
0
0
0
0.13420935951490978
1.036056780136359
0.3689317214300743
1.4281116340755604
0.0471631250176486
0.1659461585292083
0.05171074369757171
0.12239517473523265
0.09979033528008409
0.15896743426306767
0.22460528387295536
0.12264262026615473
0.12978047653010874
0.2325309556447081
1.351520467970993
1.5141635378488618
0.061422589065823936
0.08011040748426278
1.3593495287083468
1.4488848333762505
