0.10257398991987192
0.5990847442451722
0.09991300455754666
0.7800940659672607
0.018012488099867375
0.7067348311879201
0.03266573001594929
0.5026656355813437
0.14792416538808814
0.8341957599172196
0.2231466548269926
0.41549110025173147
0.15432030403141775
0.14627277554361398
0.3447608135139787
0.3192845760801341
0.0142424458534878
0.725972865442032
0.06579640002732702
1.2750605019845958
0.3614021631970859
0.047301885024094666
0.5108086868098407
0.07498096050262931
0.06275503187522323
0.7411913342188668
0.05060642781611856
0.05313245415941643
0.7956422344573183
0.14479614949256886
0.3472914356606148
0.22106585099349868
0.22268887026944062
0.21958981034218153
0.31420760709533235
0.3127986880148658
0.0654592719314581
0.17962774347927465
0.8233958816352367
0.6067504182305147
0.25474779493976646
0.008172952523166997
1.521130612112344
0.8721320156392206
0.07756182288867619
0.6327208167795924
0.19717542578002523
1.3835506392062198
0.028298581457011883
0.1703633505521677
0.027451867058454503
0.1307894606010209
0.09502932618983961
0.12223697404649231
0.1127619915503005
0.10194883773032247
0.033845453587643015
0.16902181324227608
0.9824963485123925
1.0353516384912078
0.17808260338317328
0.06476065760306064
1.1163280801567095
1.2580269512537505
