0.42570021560297494
1.1841183036263117
0.488008873806615
0.40959019089243204
0.05316718309499525
0.8568845273658543
0.16989136421325277
0.4869373176644573
0.7334936636076085
0.1756901277546147
0.9243916318486967
0.24864675575129813
1.3582589850667341
0.4619040609215763
1.3225340780868295
0.7221031384841293
0.2538545036095207
0.2309043013259445
0.28032474407730773
0.19272528144960405
1.4797557624308515
0.29429410423335667
1.465638930611091
0.26384050089566913
0.27139924295232715
0.1310287666225846
0.3581516585173832
0.12512848956558018
0.5066599000944698
0.31473175784653823
0.3921003736497205
0.16727644873440478
0.591832699874363
0.4046814794833587
0.47830228853528145
0.5821516998416731
0.1658412798652069
0.6782648924707989
0.13082715307706982
0.5903832227371621
0.0629097533037022
0.48637657607316614
1.536104407149493
1.5660942699265785
0.37135604349584034
0.9699003623962903
0.3798216381736459
1.4074607370318535
0.2272554659304672
0.27749835052832705
0.10042512541033127
0.23001780272280073
0.19182221698942026
0.19624859430222463
0.19233443485281773
0.2644350500037774
0.16870501737196442
0.19475888061398236
1.364744949704838
1.2190805771095832
0.1685740376049152
0.13471886408448158
1.4109519019342418
1.2967897066519372
