0.14194687152911273
0.7517720498678223
0.3451913248282217
0.6190493931054504
0.08847887773839182
0.1487930499140292
0.1711900824608266
0.1626473706603467
0.4026817182946691
0.29102757302212295
0.4718587715045426
0.8678431551413311
0.34403138398853966
0.17529493015623523
0.5239179187144123
0.14840880470086976
0.023167736267108916
0.8017510841795948
0.16949209086433412
1.47737672590833
0.18395596114105112
0.1467844288603676
0.27396135216227996
0.13222262764625498
0.14272314037629188
1.5707963267948966
0.17157059351862064
0.10867598725274566
0.4350538760729024
0.13924269603118866
0.5496686256558418
0.148036734708658
0.4340550701479
0.1258757833490135
0.27584678289192266
0.24969919320830064
1.328649279527634
0.2760843042713645
0.6663231344231691
0.2308666380118157
0.30759876172670353
0.08780222065279907
1.4593274777694882
0.7854077817415502
0.6006886052666456
0.6337137782812087
0.12733740061552096
1.0982574932794493
0.13205536717223185
0.2487520229339916
0.1346820345577151
0.19484360116886598
0.07625684651573686
0.19957301641475897
0.07543176055392468
0.2021582565040622
0.05482719956393783
0.13161151129673845
0.9575015258135825
1.1325917399447691
0.08127813985256965
0.21000433512451835
1.1011459417165121
1.1934370417893807
