0.038133725143026605
0.5694952794969536
0.10496095801609441
0.8021787737310154
0.13434444902767942
0.09637538806237582
0.13989656087614075
0.16052077612607044
0.18619000874877345
0.26224715889035766
0.09402942658737995
0.2330737834156092
0.23591424516505505
0.12132994762210543
0.4975440088007676
0.22110668760696164
0.04499402673832087
0.5512510592884274
0.10536203057547695
1.2784817029864772
0.1438344209551065
0.108278724034263
0.26274534028328783
0.08616657428587675
0.14199478580117864
0.04101270271271298
0.16256138364851222
0.06318027672149053
0.9761614395961339
0.13230693104289648
0.06195318388050076
0.2899134584205179
0.08881395190873986
0.1966890150545763
0.6547076873645097
0.5495480272587593
0.12068862166267567
0.09857813140647902
0.1804045097725279
0.21146722954227082
0.027412246971942635
0.7312145383376198
0.049923187152369077
1.1259271647200595
0.10842136131609287
0.7601003953550414
1.2832829437172852
0
0.19538706824448585
0.1674083611156451
0.07843358960304299
0.21798649428089173
0.09159825997405116
0.17056261089130265
0.16386952942880775
0.1656542858656807
0.0803827611616259
0.09792526900926994
1.0852149838967786
1.0837958512145993
0.13610402379809802
0.1689200459621636
1.217085406717108
1.1863360051500573
