0.16819919906540426
0.7431899583496108
0.25390317725410005
0.754114110994081
0.26463110793284433
0.3678007534990481
0.2731318381708647
0.574393680102564
0.3404627779533488
0.060099139463798454
0.45737559918618453
0.20353128778122542
0.5503736854880235
0.7574830500255894
0.15018309415953074
0.12204518655842013
0.06562953392966933
0.9959489331587296
0.6056685854552534
1.3081722064437737
0.11734062362090884
0.015689640382555506
0.14832233365876193
0.06454497896571186
0.3390516003867881
0.2763476207854335
0.0935918550634892
0.2786369383339332
0.20729376659535068
0.08186231154423183
0.31500066835602986
0.17627787381577065
0.2178143004989002
0.19449456378722366
0.77442804910868
0.7595783755925981
0.14262883247526595
0.43736324822162514
0.17040799382533015
0.9912911684220808
0
1.3400211641674824
0
1.5635339438963818
0.898019985582425
0.48475276758116137
0.8744049969629324
0.9455352499774452
0.13890946503674906
0.07117719865766145
0.14899064672862306
0.05229293727145479
0.2635271852283881
0.12059433083982117
0.30708221557388193
0.17628407322853684
0.2071103356623379
0.04621762293513412
1.425331188071749
0.9735548911724817
0.12114732484571097
0.15474332249460915
1.1829502167100665
1.2149230384272647
