0.03956916023829141
0.8614677418780894
0.19865558081283274
0.7534337153881809
0.07941485129292994
0.24099186693998084
0.18220885417767602
0.32653088776832373
0.18917459575191548
0
0.1565400885998239
0.03644213652628611
0.38932885164538455
0.13825888121038132
0.8778536132065384
0.11797699414655155
0.11394912566198478
1.4010534022095757
0.20210089941593687
0.15259904802226745
0.8179240758112779
0.24532385574930177
1.5456116748198345
0.3694144851038364
0.16665952030629005
0.10315544951520118
0.14202091641845194
0.08287920904403157
0.4310854419542937
0.20786308793562344
0.1526106525221897
0.14039715925857948
0.27546683861599447
0.2435497725978783
0.4446926293787663
0.572393103725424
0.5982247650702135
0.11012738711822272
0.9101822103350286
0.31475990638493095
0.5395214376139097
1.019293180400565
1.4946143326754833
1.5483248136001002
0.017391055930980354
0.7815107490045681
0.16386658555606964
1.3856295976089066
0.09953821041043161
0.1150790324247402
0.14841995549313292
0.10300584599302215
0.1571977938904393
0.0782618990893583
0.19680774226596667
0.10371373210585413
0.12418883668935053
0.13810425542662466
0.914367392934494
1.17998256515377
0.20948708322695056
0.07157014111906795
1.4075250244566815
1.4194234694014531
