0.16412861741092333
0.5810914744203334
0.9831991869443456
0.263204119356439
0.28712332975419924
0.0952851643492497
0.3066998256965521
0.1888141024907597
0.732503038570613
0.5269059721841101
0.5580954169679625
0.05956113582697296
0.3173399456601444
0.1429875896792823
0.2997398300011956
0.2056439931420731
0.12304897680554737
0.06437783958314662
0.2901180499331945
0.11340794630801442
0.09034034671952713
0
0.08804549148625006
0.18736452799984463
0.21321531248218467
0.11121376198576333
0.11753601354107973
0.08659559705882744
0.0518290886570491
0.5690756121307788
0.051722364125587394
0.3543309675984249
0.23932478115224826
0.30940230809183356
0.44236375966077246
0.6828286336249617
0.09309987540654506
0.6916466916210562
0
0.9243859562895065
0
0
0
0
0
1.0749070457038927
0.09877593364287378
1.1431871551166246
0.06938310641662047
0.23684285415282966
0.036796367435254086
0.24047162365402724
0.10956320716644874
0.07552813562167142
0.19873242193139606
0.24180671048681948
0.05074262519703978
0.28079515793860754
1.0361885650726463
1.3861957092188726
0.1905062636829663
0.023543802698535392
1.5449364848105354
1.0225498184690556
