0.057366279812592985
0.5996936909756228
0.14581169853199727
0.24756056364782464
0.014742939634112617
0.41341811846942716
0.47675152447942276
0.1692353814764652
0.12452538905966994
0.05195733320445542
0.2711480465445831
0.05375174802259094
0.333922682304243
0.18119170876146728
0.07377803361303478
0.4870564626694287
0.19641639511059122
0.11398071165877097
0.13858299932360235
0.1227875558793687
0.005542852431951891
0.5937466721451429
0.17654427879848442
0.40255518104096527
0.10053459690433622
0.11161844356094022
0.2227150433486364
0.11152034259127269
0.21598694504257224
0.20043090772363237
0.17664630324549865
0.212077573463845
0.27856644568721345
0.21700294035017148
0.2993784119773908
0.27238636353450907
0.09796892058152781
0.2311644680871953
0.2918067736117891
1.196208866041598
0.3002670672588541
0.036909046759462
1.5174164395343155
0.9862197683036692
0.17743369177865426
0.8162767617559309
0.21377846617199328
1.138907801187514
0.0253799191141139
0.2078916678723002
0.030389277522944857
0.18541548608065406
0.1500350079011005
0.09338494483355109
0.12620478580782626
0.19137848137109478
0.07605273750311735
0.20168277352345407
1.276378864876004
1.040312302721746
0.07529487204711317
0.030476158031006024
1.2557082448256587
0.9489891111024524
