0.1776975774403048
0.7575158837938092
0.37966395321585394
0.49207234133209116
0.05762887453000218
0.7624917531212829
0.17638173107620952
0.21254181189175544
0.31661580450938087
0.39538543100224605
0.42655578703799824
0.2880229783966782
0.27190327857645097
0.37953057014846714
0.3888052258319947
0.10969669886328202
0.37629031163204085
1.125524278175168
0.9099976899638794
1.4778974358281662
0.275205113004463
0.10699358861236526
0.38852718256019947
0.10324654185248397
0.4050773783214645
0.3000834188728151
0.21791017190908304
0.2158799317564109
0.5046168164412692
0.10184163478342713
0.35621327141423587
0.12903183437471677
0.16586038512717097
0.23838172289520163
0.5475365935288277
0.6802148272358782
0.2005879757703019
0.3376588936350946
0.42831204256506655
0.32597364534756906
0.06428928276698025
1.3974235169263212
0.07434943622243341
0.9221020692465801
0.8884480870446448
0.9336753411981448
1.1877871728763063
1.5069702979112751
0.1399936475738473
0.2544990895685326
0.19591254726744256
0.18645074692659247
0.15970287267879857
0.12145779175123288
0.31176685714712715
0.1688939855956806
0.08408351419572803
0.15191197552618332
0.8373629604687667
1.3450264931152622
0.16107859600236088
0.3310400480094145
1.1613742869801686
1.1953488186636592
