0.05010719572495961
0.78866350089469
0.10883318701092036
0.5668475463479169
0.1880817102008856
0.26190827595398375
0.5301954846214902
0.32673148385297485
0.1304248205929809
0.285416012957676
0.16621908411201664
0.08868103047931652
1.171627354751481
0.2880482972665582
0.15080777109563667
0.8507048616951567
0.18364333526861187
0.05886103951145412
0.2039414135353731
0.0989133972833721
0.6363620151762864
0.2247949563918483
1.3562277769130164
0.2986166731859521
0.3055957436829534
0.08614695878188337
0.31325007542470856
0.11219992605894417
0.10700866628079866
0.2637407071061248
0.22684593054394295
0.3113455267083579
0.24077049617239318
0.23202721322723338
0.2365590151911146
0.47910323427441986
0.07878380077888
0.13972108450694087
0.2864640373247996
0.3387744102070447
0.27570559642804476
0.13056164916503235
1.519868814988641
0
0.10238791910176935
0.872300637100044
0.3894240163172575
1.4543218920756342
0.18004490685955782
0.0906170421780116
0.04562909532791106
0.2059277068850807
0.04353310497607482
0.15372149281794403
0.067588095805908
0.06635917648810208
0.07729065384033942
0.22368591012543965
1.3526118121529083
1.1862051410237775
0.0715658900078796
0.06742512713079242
1.3097443022702202
1.1947606515194038
