0.07614893666226553
0.7470788853457592
0.20408355223266647
0.6861692854019732
0.029059385597426938
0.7357455859700099
0.08375238698699368
0.4897413006211188
0.2802195788380201
0.39843672228031796
0.5382067076725242
0.0858215798573829
0.021817480778011038
0.6052744776219858
0.616652947804996
0.658886102495675
0.03234747943194982
0.8388610828346488
0.17061211118090278
1.3058931124066797
0.26438778291142606
0.046194231447879854
0.2942508495239836
0.08343831320462387
0.07175641575877365
0.29511064898935235
0.04959975742629149
0.19332998387717326
0.2669233679450409
0.12290095372177741
0.21679743105195873
0.14015254302550786
0.4583622456833861
0.22680141173593032
0.3962923255252091
0.4357831428464479
0.07780217241863974
0.6031976265418895
0.18752628794208429
1.2377470449166175
0.007270556261557588
0.28658407230076255
0.6725334811228926
1.5331130028820545
0.10389818478494393
0.8236456347082066
0.27431359897471114
1.3991222278861604
0.031764017376447184
0.08300216506115604
0.044146172066121515
0.09276490258994576
0.055048699951020366
0.1105830070566508
0.05080541520616829
0.16311921620077888
0.12049174245215005
0.2264501917002055
1.1181297464249613
1.5690905419146433
0.058290101473189394
0.07566555458192391
1.3354300378998007
1.1368823534888846
