0.06510893848109359
0.9310674434731543
0.11524878568282727
0.42767980945544803
0.7750818170422311
0
1.4025980979996677
0.05026168191525697
0.2760725980107362
1.5390530564833562
0.27516994940748385
0.13368244167583282
0.11925730471499316
0.18260070897768627
0.3767056742760254
0.44301416526509085
0.046582983021176146
0.744160464016662
0.07516461263027338
1.1051602860742376
0.08006502027527188
0.05069990699969956
0.058250405978724454
0.03662150695269145
0.02525463418740479
0.5600270940981912
0.08218187568578154
0.3661998798097799
0.12995115457837889
0.06426436548308019
0.2396337129961403
0.11072064310326019
0.14832192734227095
0.22391588907102497
0.49084809242109634
0.5449297340253032
0.07446683115879675
0.24410817757411316
0.18876332097425103
0.8815246334137693
0
0
0
0
0.2922528141924239
0.5367637217428824
0.5092783635510757
1.1804383076770566
0.12142986817009323
0.07112105771073575
0.05387588813487701
0.22754659198796426
0.44924149788644746
0.18700155478314595
0.10935562979865175
0.2049847734003181
0.04330450586216634
0.11544682547728366
0.6724404105290237
0.7561886587806689
0.13496434408026695
0.08420847350027816
0.9235160866951094
0.8807577549333936
