0.3551954249378806
1.194346120131421
0.43502540099103215
0.07123344774529508
0.10032740005297819
0.3369551903955723
0.09489406275086185
0.9225661923419817
0.6030097216994166
0.2112696978979195
0.29311115835379925
0.30736378057856223
0.13471082675028015
0.7799146274388549
0.23790371265244517
0.6172298327822513
0.018274744481908262
0.9784227518552421
0.10113536353255664
1.4724871305054974
0.008522452152569087
0.11197203385370082
0.08632886564694287
0.06475717572497544
0.03387407803973886
0.745449951889626
0.09162901698179587
0.9921901300477614
0.11930355019604152
0.05601648735657588
0.11218528056712718
0.05242826818787225
0.14410240294579527
0.11036695754819448
0.26790610714860896
0.44572522609082593
0.017332320294314363
0.734883289246957
0.04163785168474027
0.6536885658982953
0
0
0
0
0.11198951141311794
0.5866955728187778
0.09853780831140942
0.9870620348382407
0.15033916724819238
0.0660447235158866
0.28369605770220874
0.04948545130275837
0.1097018896656578
0.22292878803046004
0.11497337981353312
0.19228463196414014
0.09912817904911685
0.15577333138626537
0.42267734210129476
0.8876634575682074
0.13163122406242458
0.11296205627360856
0.4755082329696908
0.8011583215565724
