0.03658499252468517
0.6634697590856925
0.09511867761377969
0.5349545408848165
0
0.337256759775609
0.20562567236482518
0.6736453917804784
0.10755624928915515
0.730637473696792
0.20726671944982303
0.06709687778545449
0.4022936112787159
0.16081512655167876
1.351902042893204
0.6027201884296277
0.0959758303558865
1.335207588339459
0.14231406466234361
0.04422849929992406
0.40852696314021203
0.10760505258519501
1.2155940750622056
0.1593049761027112
0.13827220789762767
0.08196803430503825
0.18487714609321185
0.05543627831390888
0.03562735851399717
0.4994779252575504
0.05494650426692548
0.42284306854500353
0.2535473577595103
0.13190472782675192
0.4105325295655681
0.6090249462905497
0.24576478064397403
0.056188712265371595
0.13727831543346275
0.24200624945895588
0.025065709488542982
1.2989665428393962
0.06414639391958007
0.834359407386806
0.43169356609604626
0.7369000734545816
0.8959580794865885
1.4142608751151655
0.13342542088931242
0.157703072631243
0.16356467095961383
0.11044687817227969
0.09757025505954789
0.11672770910037865
0.10736207124510416
0.13812393055906247
0.15481233769545172
0.18563715360003816
1.2376067098646741
1.2086047940877487
0.057352367262167636
0.08264739592157948
1.3399882865981636
1.2831661697684749
0.05887663218956094
0.730182033658447
0.11974973820504937
0.4247792674084745
0.027597449075279983
0.7560764317493142
0.062135441433357856
1.2499713740420206
0.14174987327941538
0.23896359530369063
0.12562687077109402
0.7061763895100207
0.3083832359510814
0.19529608237574048
0.9608650792521102
0.5955071565838238
0.10725898348346782
1.4264979355236989
0.12432394875104076
0.05196309652042358
0.41607200499402014
0.18692568655233874
1.2504058245498635
0.25774473289155075
0.14219604846622125
0.10551049512624472
0.16631221446505015
0.07760661261312267
0.030274849508957626
0.5582919778332615
0.07360656327054298
0.33166586282945515
0.3956396319958294
0.21176726978832866
0.3405283939161357
0.4437097505657462
0.4552730671976226
0.7022330816034432
0.272666796108786
0.45416108944744904
0.8747045443657785
0.3085928604915313
0
1.0501884896961275
0.3035273106048444
0.7463095590368461
0.8176386186752804
1.3891683426956163
0.08434300205458016
0.05698869312623638
0.06712912692554603
0.15695285870838116
0.0551291103672809
0.07235903164257532
0.13464341785968154
0.2034578713669998
0.22937251542636478
0.1942363252539209
1.1887941553080204
1.1572368346055326
0.036754337126940005
0.047974241298364056
1.309513158167196
1.0628049426551025
0.030749042371652328
0.6062334791984363
0.09393277715988621
0.8920697005176904
0
0.31267811655501315
0.13319893092446772
0.5761173662408904
0.08006519705487594
0.4810303294454517
0.12797660153404022
0.0849821626892717
0.5140440666916385
0.13574968542304303
1.075326783661279
0.8381379089033874
0.020528890264414144
0.6524652562453603
0.17278380641740862
1.4976763740515298
0.10635052736858372
0.015527863377339548
0.10769256957901804
0.0567399556689042
0.051507018461873076
0.6078813023411578
0.3251152517858563
1.1402227453918854
0.21109939980405998
0.07651483989121528
0.4458856167111664
0.09048658239543986
0.1701124488672105
0.1252949041098461
0.4196590519951178
0.38294299770511553
0.07382463731863723
0.0886159038976428
0.10203777750630987
0.17828743888259418
0.033594479183332214
1.2450276031640701
0.045367130890163115
0.7122230294956575
0.3739957527161342
0.6533000782377415
0.9571360020427123
1.3726571351832828
0.4254118553222708
0.06964686148554249
0.05422002930648631
0.09068798808212934
0.0662682506050021
0.2178708999794114
0.08819320403868948
0.1490981948630123
0.061783641615492296
0.20487980724110713
1.1164580326440323
1.1439698754715117
0.1252493008799904
0.16082652065132103
1.2029768253116793
1.1274249662383786
