0.03658499252468517
0.6634697590856925
0.09511867761377969
0.5349545408848165
0
0.337256759775609
0.20562567236482518
0.6736453917804784
0.10755624928915515
0.730637473696792
0.20726671944982303
0.06709687778545449
0.4022936112787159
0.16081512655167876
1.351902042893204
0.6027201884296277
0.0959758303558865
1.335207588339459
0.14231406466234361
0.04422849929992406
0.40852696314021203
0.10760505258519501
1.2155940750622056
0.1593049761027112
0.13827220789762767
0.08196803430503825
0.18487714609321185
0.05543627831390888
0.03562735851399717
0.4994779252575504
0.05494650426692548
0.42284306854500353
0.2535473577595103
0.13190472782675192
0.4105325295655681
0.6090249462905497
0.24576478064397403
0.056188712265371595
0.13727831543346275
0.24200624945895588
0.025065709488542982
1.2989665428393962
0.06414639391958007
0.834359407386806
0.43169356609604626
0.7369000734545816
0.8959580794865885
1.4142608751151655
0.13342542088931242
0.157703072631243
0.16356467095961383
0.11044687817227969
0.09757025505954789
0.11672770910037865
0.10736207124510416
0.13812393055906247
0.15481233769545172
0.18563715360003816
1.2376067098646741
1.2086047940877487
0.057352367262167636
0.08264739592157948
1.3399882865981636
1.2831661697684749
