0.030749042371652328
0.6062334791984363
0.09393277715988621
0.8920697005176904
0
0.31267811655501315
0.13319893092446772
0.5761173662408904
0.08006519705487594
0.4810303294454517
0.12797660153404022
0.0849821626892717
0.5140440666916385
0.13574968542304303
1.075326783661279
0.8381379089033874
0.020528890264414144
0.6524652562453603
0.17278380641740862
1.4976763740515298
0.10635052736858372
0.015527863377339548
0.10769256957901804
0.0567399556689042
0.051507018461873076
0.6078813023411578
0.3251152517858563
1.1402227453918854
0.21109939980405998
0.07651483989121528
0.4458856167111664
0.09048658239543986
0.1701124488672105
0.1252949041098461
0.4196590519951178
0.38294299770511553
0.07382463731863723
0.0886159038976428
0.10203777750630987
0.17828743888259418
0.033594479183332214
1.2450276031640701
0.045367130890163115
0.7122230294956575
0.3739957527161342
0.6533000782377415
0.9571360020427123
1.3726571351832828
0.4254118553222708
0.06964686148554249
0.05422002930648631
0.09068798808212934
0.0662682506050021
0.2178708999794114
0.08819320403868948
0.1490981948630123
0.061783641615492296
0.20487980724110713
1.1164580326440323
1.1439698754715117
0.1252493008799904
0.16082652065132103
1.2029768253116793
1.1274249662383786
