0.030194057740315198
0.6253937366877537
0.10097316407654376
0.7127169882952351
0
0.30730135436216194
0.22104776710924257
0.5059940075447417
0.10205188380910438
0.6244367728923114
0.11805931976691021
0.10689996937066426
0.643148778423828
0.1588454885967543
1.2513922925777137
0.9064886116131068
0.103608807456034
0.04705952510040878
0.11412434901824581
0.11757439881716751
0.8920028346874507
0.14476420406756937
1.5249930956162272
0.22825526274096777
0.12784636840402452
0.11317126199606345
0.09243949048127581
0.08775404134503852
0.028859902952895842
0.3434780411609403
0.16193045554551305
0.3101198850548306
0.2730667207868397
0.4281512445566568
0.7028753894942488
0.6697343233105839
0.9652516206864521
0.42649272271458644
0.909614692473444
0.7407128433251368
0.04091691482932963
1.296059838376261
0.07495501170614086
0.6305021667799238
0.40012409458278214
0.6993995819083332
0.9154934867280302
1.4118391227634628
0.05841378098630247
0.22977495965592126
0.06176321502929485
0.18627726190485724
0.08449461138983903
0.10702267451294878
0.12953068748185867
0.10494152864539041
0.10291358523580582
0.21229860993787963
1.3240052380451073
1.225386491004906
0.1033305692290516
0.13625423940186787
1.5277345631432349
0.822014793301837
