0.05296574770492709
0.6955314377994913
0.12907761906206747
0.5758428773487921
0.02476776354216773
0.7266293437089295
0.05139600359165199
1.2569913870572993
0.11451237609534458
0.9630744352361794
0.21469165230699047
0.09667395820926064
0.6025241026961201
0.23903663064760555
1.4648208332026011
0.4153622709763667
0.0161617094220448
0.7298699207805669
0.12250328778753318
1.526338545586442
0.1354975637498796
0.014787687383595616
0.14864896430309607
0.07666425257720509
0.12507194673750271
0.7923610054176264
0.16504292701522513
0.34920709408297396
0.21524195414183228
0.0916828267794688
0.34117996824531155
0.09103874138952453
0.22796669565143238
0.5123803293652713
0.6166592522295572
0.6791416356462603
0.780366199584762
0.2698829312565496
0.06570014893847388
0.8123520287316158
0.015339130176172841
1.2983131088918916
0.07035264479562547
1.4809062374821333
0.32365553298527133
0.6674768630623488
0.7876350133625826
1.2231237820456362
0.0731011005297959
0.059472936112424164
0.1112696396759359
0.157772607522292
0.11453814123571762
0.05254861508617497
0.14666045184557427
0.08409276925886384
0.15417902707048783
0.10749368307435003
1.184500330149337
0.9897257479360616
0.14983830397341621
0.18384681892746835
0.7699531417926756
1.2108556563825834
