0.04576267241818448
0.6546462994868069
0.11906392509924288
0.5347326222392544
0.11137490568143234
0.1875982756015496
0.3256317872373118
0.29944279929478307
0.10036489597010599
0.5318141454534782
0.17547076065894687
0.08896478649402893
0.6985142120656519
0.14653666913493824
0.6822958262199106
0.9757046028162507
0.010712233891313771
0.6499645015384286
0.09221669870443235
1.105187382533006
0.19881862638768089
0.09781847490104663
0.6528468391500818
0.11807806860900044
0.07872339707195006
0.055770755188806025
0.09177604044108847
0.055866745132121795
1.464028654299265
0.35891067309307045
0.12715053940165374
0.4554093102182872
0.2401179363113493
0.5369288625119699
0.6805566939289288
0.57774292879592
0.890435106163147
0.3059913647673834
1.007783125319729
0.4296943838842816
0.018276693028784038
1.14884059160348
0.03167457555341216
1.2560192085289255
0.19082904334023626
0.6662930078646254
0.7455186772987409
1.3352617421096966
0.06391629624375801
0.290851887994771
0.055214909846776954
0.11441414334847246
0.07271476243788894
0.07448555494363955
0.08359826915353961
0.16409415879766087
0.08364829360519746
0.17055333024143657
1.1348249371470607
1.1128649970329598
0.06890755264683171
0.05103014001641985
1.136044942165145
1.206590510966358
