0.05142949469121081
0.7857538068166173
0.11575451094063761
0.5211888277233079
0.2689880662071272
0.21606361645984967
0.8448286514710225
0.29569623231982034
0.0968853753369743
0.2269979860262151
0.15915649618213498
0.10880262942202767
0.640199824387527
0.5063427823184199
0.09674772031712557
1.169293373082716
0.13397593020633017
0.06262170230325592
0.14039129536555672
0.11080748832578154
1.2870101441500497
0.2836411383719682
0.008918687170366896
0.5965121563831409
0.14395012015712197
0.07963658810496078
0.131825727898988
0.058597906945318905
0.019120229379275717
0.5193529759184742
0.04692352484678168
0.33439353843836644
0.1812702534907756
0.13440530391135133
0.3866625085562049
0.4900109673513008
0.0698736544848546
0.5327832567849596
0.5010002211299722
0.9333138553955586
0
0
0
0
0.1356981575960093
0.6862489502781127
0.3029302527687922
1.268354837835735
0.06595046927764761
0.13600456459607263
0.09951182810502338
0.12272718782895654
0.10989133490726662
0.06377155465743536
0.07753250547179753
0.14705137790365838
0.23191164681716864
0.12488543782715682
1.1877831928466702
1.0287988565311603
0.06653494640204548
0.09072467215934844
1.231646975712178
0.9964042876603275
