0.053816462289450875
0.7471682499114389
0.13256471508037584
0.6746525803783748
0.017076492520670176
0.33918073928375736
0.16007095511612973
0.5276303527881836
0.1319911634361199
0.5649273032425035
0.13276170462878717
0.12097922457389762
0.3736938666459845
0.23146822956757768
1.0342866829511042
0.735003210000926
0.07062997909879364
1.1649333288236905
0.12929262815620277
0.03318292448338521
0.2606921498953962
0.1391898509879314
1.0265668419108513
0.20260337685156643
0.17887786817434476
0.09989274808873215
0.20655606084209954
0.07635133341951103
0.6859021726746918
0.3330295388608081
0.13540332105237884
0.36930813341479396
0.2657626775165155
0.4565297724999031
0.608183768040382
0.6074024002701741
0.430838648808081
0.5944210718823255
0.38788541802756743
0.2908577683303914
0.04731596025328964
1.2154334257040562
0.062142108108407035
0.940533670517252
0.28772324130244414
0.7334246264770826
1.1868712401664172
1.4796056721214839
0.23442950317033748
0.03623786206894995
0.16986360096804184
0.059246019179388903
0.061048491203959984
0.09820602628894491
0.056168637705522266
0.10843713255853712
0.24834763162165283
0.1653429205360457
1.3787188217082385
1.2783461431747303
0.04880462702687186
0.05481431576660395
1.3782722402306704
1.3393706595637238
