0.04151968306122235
0.6479887161271229
0.10100503545324857
0.7143032600437679
0.028110021227206742
0.26411879443896413
0.291737777693079
0.525483876345575
0.11507086553155668
0.4429712983402438
0.2099629008229734
0.11324297970847624
0.9118571503149141
0.18567126082472452
0.17977731606747
1.1139245147874093
0.015983451249834763
0.6225614900208656
0.10779543587670264
1.492275785823989
0.08637959453285828
0.10121500575278945
0.1928795941490621
0.09551656728675999
0.13065261285030216
0.015348033365350197
0.1513404876796736
0.054035511381597165
0.5229444165675132
0.08661975800934416
0.9507617559958857
0.10193913906725434
0.18804908799166287
0.13549835855843687
0.5650806558950188
0.5898032729496823
0.10507257273758018
0.033949938897927266
0.09369289714135257
0.17055053007609017
0.032801431207499086
1.2715406903051218
0.049429760327490024
0.6385843876783454
0.30220972216619063
0.721646134537093
1.0052839689428914
1.4187365911494858
0.1351824356365385
0.049727196701924256
0.23829671097351954
0.12085333309333866
0.14985856312216694
0.05901340728252332
0.1442771966781506
0.1776781197510409
0.1251990335727541
0.17480137878481952
1.164814669130463
1.1864897996819395
0.07010131892695451
0.11568356207639778
1.1748680493002817
1.2359710284790355
