0.04198165077316345
0.6715880191335325
0.11772026870445171
0.5025162683182408
0.03170608691234616
0.2522359173585716
0.18340718442166545
0.5113307568103452
0.1331572401175722
0.49499374417969366
0.15325369303098252
0.23295677777261978
0.35752033442306164
0.13453947125145665
1.3223909585288882
0.5389487086691412
0.08704444597900558
1.2543225072229331
0.15346548237955526
0.04090835905260007
0.33247141071090436
0.05063691183610574
1.003357411187094
0.08483128733282327
0.1360090088875054
0.08736736919932281
0.2327251497047008
0.09358952738210952
0.061354012663601847
0.41742345281413556
0.038037722203026425
0.4870500094558431
0.1755314067432965
0.1256539026993164
0.4510208178940408
0.5807480793056939
0.0775116278318201
0.06786929476731358
0.10009301842673
0.25315555078206
0.022372066927410793
1.3235657081720509
0.05321615246820112
0.7930857170992265
0.4050258394444161
0.6849231383589324
0.8506306668377932
1.3724425905137805
0.22351570190823086
0.037801119275733173
0.16204493211299703
0.10384343144850405
0.1576074276021169
0.13911781601854514
0.07892931821739503
0.08552098750380847
0.2225068212837165
0.19738434310911826
1.3270666609741464
1.159570833297794
0.09175635308308308
0.06622202045391443
1.241843944774872
1.162965342706092
