0.04385166090822056
0.713578623355567
0.11954550211176047
0.7325315697051419
0.05008542441356227
0.25509881741947366
0.3811953902536719
0.41918976630927635
0.12135847180418277
0.6983077235577761
0.11730646851292932
0.08907217323490207
0.6890353800598813
0.14289592420506475
1.455072010865143
0.644423780233097
1.1879084200608936
0.6338984341379663
0.1346621291380757
0.8796895451618972
0.3584825999006956
0.1300720329284698
0.9049565223962819
0.18296634023998307
0.08884170497872071
0.09962081460773387
0.06778188349524206
0.07551563583410373
0.3804258840996617
0.20262061321308983
0.22327126643504366
0.16827745037539066
0.23250160202992326
0.3881734854522093
0.7777420097303157
0.7477236005202229
1.3609731918118668
0.4673123151610408
0.007845278142667613
0.8297206128656874
0
0
0
0
0.2370145516659261
0.7723864245017932
0.670106368692612
1.3928921293267227
0.04286905674852684
0.17482139409681227
0.05280783077512017
0.225695805562213
0.22249047076166004
0.17479488981813548
0.21722576954510803
0.19291127079423775
0.09980416800746729
0.3108127066196653
1.427246677963754
1.4522814870910754
0.1749884217175166
0.22910268389764468
1.3930015601435257
1.4278988342638386
