1.5909090909090908
0.030303030303030304
105.0
2.0
0.3953488372093023
0.37209302325581395
0.7083333333333334
0.6666666666666666
4.882352941176471
1.411764705882353
5.1875
1.5
1.0
2.0
0.5
1.0
1.875
1.5
2.142857142857143
1.7142857142857142
2.5
2.269230769230769
3.4210526315789473
3.1052631578947367
2.7142857142857144
3.0714285714285716
0.926829268292683
1.048780487804878
1.2105263157894737
5.315789473684211
0.6388888888888888
2.8055555555555554
1.391304347826087
1.4782608695652173
1.2307692307692308
1.3076923076923077
1.4444444444444444
1.2962962962962963
1.7727272727272727
1.5909090909090908
1.2413793103448276
1.0344827586206897
0.9
0.75
1.55
2.15
0.6326530612244898
0.8775510204081632
1.875
2.125
2.142857142857143
2.4285714285714284
1.1904761904761905
5.523809523809524
2.7777777777777777
12.88888888888889
2.076923076923077
2.8461538461538463
0.36
0.49333333333333335
6.0
22.2
0.3614457831325301
1.3373493975903614
