0.048873571111636885
0.7983167960953597
0.06545221386446863
0.7619635319745667
0
0.2786327094607939
0.5569743279901029
0.5129965687320661
0.0882108346303929
0.08516973730717256
0.09141216743378383
0.10127598592993604
0.20940047496892977
0.40499873679899645
0.11228573016365562
1.1563769265030048
0.06971868466691819
1.0638733711912283
0.16992826844249612
0.03701623489956118
0.3438784433929895
0.15465103817860762
1.0382340385893916
0.219328072616443
0.17981330346228683
0.08498803326997173
0.12186489826687943
0.0680402445041417
0.16602569577836954
0.220193378384503
0.16647815037311395
0.26905960245719673
0.22692158174921345
0.1293660381635218
0.4745720771129955
0.6420763980896517
0.2132104321380255
0.08235258286176257
0.150819349215032
0.38762595804554933
0.031288876264706535
1.2445847486867159
0.046903385835827316
0.8114681903053547
0.30703478419010044
0.7103431623833555
1.0878507978246927
1.4652099290864664
0.2533934871859713
0.10370095458102238
0.25210127166910357
0.22692095451143854
0.11916494446852217
0.04124716089466685
0.1781428203749385
0.14476890879010346
0.16053674738488152
0.14134486249330896
1.3728729255950256
1.4419780518936902
0.1995628998069072
0.2565217485192831
1.491768623046704
1.4819167810011427
