0.031526847896045075
0.6658262743597216
0.1139583466685507
0.9298925632471521
0.026639309440480322
0.29907502930079655
0.19037519979785567
0.5494317900493277
0.1692485494714927
0.5965845776633989
0.17197740156747204
0.10007664059502845
0.40854536623336285
0.162468974404744
0.999178179886679
0.9602646660384768
0.009871767258191624
0.6601869849708816
0.13101646755523713
1.5160359792158242
0.18559441992507547
0.061154234974043174
0.26747345292476593
0.09620336200784772
0.13703751898420016
0.037121229831737615
0.14664927812252176
0.06751776147357742
0.942872629722092
0.15514037100641428
0.2614109680847347
0.26568735413161143
0.16830222488697896
0.22786407860754845
0.7554829073287406
0.8383778453363451
0.5145762581486892
0.5709608429025602
0.14490010300417502
0.304151287512791
0.04784917545976455
1.200317980554597
0.06616326599456791
0.9151433226396546
0.32889709449547494
0.7357190702833036
1.2233724781601183
1.4657801943468707
0.09165686258038581
0.20371538435896044
0.15930371747741698
0.17619180542846238
0.3232356040253368
0.12674667574785975
0.11340565118968461
0.13526159244219244
0.12446205702228258
0.12897070782166714
1.2778588876064632
1.2466873860422152
0.06808121326414052
0.1302475805949461
1.2993345222957673
1.1822741675638706
