0.03622536169922203
0.6783433486927073
0.10004969309793901
0.6666054639592187
0.08920849541666319
0.21380467306796372
0.4600821322120057
0.24019801785757075
0.09772687663217049
0.305791027842866
0.17320449536501367
0.08131930771076393
1.0448552444352681
0.20356702855577602
0.1365671341880382
0.984484245275186
0.14242248999295745
0.023513303381751564
0.14908185638391988
0.11430219626074396
0.67095616779494
0.23155031322627653
1.4680143000696877
0.3350234922133566
0.1376966210020288
0.11377475195331838
0.15359577820074047
0.07473279687306225
0.02991444487114919
0.5148018234723359
0.09336820094224012
0.23474977601569935
0.2667774468168661
0.16773989136707684
0.40920069446397545
0.6392560358986312
0.07471527768267262
0.03834488431261001
0.1675757304490268
0.2393677112875424
0
0
0
0
0.2715374308844053
0.7125900126505429
0.7533476681507261
1.3011219440409518
0.07432542143607035
0.10065693045539016
0.11982724796801152
0.11058583843702376
0.10671394686545628
0.11212481599487037
0.12316192927936535
0.16439380862309005
0.32690920193189243
0.21293444920423224
1.202580826615891
1.2806833329148308
0.04604877325218121
0.14188184148384358
1.3326628725101601
1.024751347021134
