0.05335580695239492
0.7570399050474858
0.13576698404924556
0.7458689073945994
0.1040947249553943
0.15880236228662667
0.22245071783515155
0.26278329282538043
0.11738666876675953
0.862608148181501
0.19557038506380323
0.07849433896187813
0.5369642091913838
0.1882834501785532
1.3997049633200496
0.2952880138929633
0.014685053821619913
0.5949294178791764
0.09776426277020342
1.4841874108535842
0.15348108087044673
0.06273219838692096
0.2581929960350445
0.0728075712212939
0.1160308363543958
0.02988377472440948
0.1479900561815125
0.05679918330273525
0.6921444484553312
0.07780698675512139
0.7057543238785017
0.1186295881521366
0.12023193194833873
0.23134407763917586
0.616990890091098
0.7985874993446029
0.10140928567606444
0.04461119039953041
0.11257746461001637
0.2688774667789488
0.020477930924277944
1.1646610604342906
0.035171050411275766
0.9642491529818785
0.15399315975702235
0.6790068369091559
1.087976468740608
1.4673659458323862
0.07437748011823078
0.07139896125337385
0.13467466523284358
0.1362976779973475
0.13319628234553332
0.09200025231764086
0.05449320480279242
0.15476313383016657
0.12188528118018106
0.15486570120903712
1.1666450180127987
1.185230946245346
0.11735355857152553
0.13246892608420557
1.0531046285192434
1.1175155775621841
