0.05564759429781452
0.6009753712865717
0.16466921139927707
0.9345371602931908
0.15770422968312764
0.0781484654407208
0.2511941737940295
0.09574726713196342
0.23772065434463555
0.13914138618981348
0.18562104136175547
0.12749152526809315
0.6650171685890692
0.12346967831943988
1.4631914590250785
0.5880006820710744
0.015642620100782288
0.5897670752929629
0.11520888930216953
1.4818782218877184
0.055908012692955845
0.009372307917125794
0.05968742633357797
0.03196947618927289
0.028421770804509364
0.6240471247445165
0.13101314222816138
1.0836093043883723
0.13467317546763688
0.08041545294469248
0.1774196178460219
0.0829403232268647
0.1459077561074274
0.2193159772368268
0.38981796525155765
0.8624347723783103
0.10337332712122162
0.005293731769739054
0.12158266146357163
0.0774746716017851
0.03161978314887538
1.1901301339121284
0.03996898567174017
0.7460842481478934
0.3097475737858658
0.7392710552218994
0.9920013145393995
0
0.26538194360316353
0.023624294601379582
0.25349182978198265
0.17007315189518757
0.3069656545963051
0.09787847161458121
0.2615337500049224
0.13600062958434322
0.1594613621495286
0.15382103544099154
1.0534298247963054
1.0971340335350352
0.08071910457583688
0.08909281372081734
1.0203516046499894
1.0365811510062084
