0.07542165936796996
0.6808438524427395
0.14334796769042527
0.7233435384508229
0.11138153248056129
0.19730227958708096
0.25754573762807514
0.5251810274648864
0.26834128452179645
0.5910515520791081
0.22018064727252232
0.23635594886125205
0.6167743557611578
0.18017186539750185
0.4362356947486055
0.9932687801932749
0.01716923863969409
0.628014166054764
0.1291775931118682
1.4752355410840048
0.10462498473721976
0.008994015626326004
0.11370497779827758
0.04263123258456597
0.09959804243492393
1.298177689233219
0.1519649724725154
0.026653714280812976
0.2181863675127536
0.052510790246507226
0.7345493534991967
0.07180711033532179
0.2315116930173826
0.2691704974973545
0.5131396888906254
0.955451431742533
0.14565443439412784
0.03613839693882376
0.169215601670289
0.20986486232615376
0.07436509823171
1.0979898488163466
0.06242671118374025
0.9201557046992981
1.0468175845001415
0.5663021409724018
1.312684673184555
1.5006419538268665
0.33190614147907216
0.06466991927255794
0.19545021054928907
0.1935406634418899
0.5745649150386833
0.14466687494622424
0.12259226455131557
0.21135908483219584
0.11863561626285096
0.16291594385412952
1.3707143133458222
1.1199582229040788
0.15060510185788953
0.1761229136649994
1.1902775399444205
1.0390200242325012
