0.05239374253182364
0.7164129662781094
0.12407434555604176
0.9206169360717481
0.06873907087478869
0.2919129844967928
0.2794761538534322
0.6142689473684284
0.134712922422998
0.8257275479538296
0.2800140619656348
0.14226511076656415
0.8342061879982985
0.3030075276740722
0.24231036618681312
1.026676025954706
0.011677867953187775
0.7603917588254421
0.11299245187194054
1.5178991032924667
0.16144106813858086
0.05971318701864284
0.21465234005479572
0.11287400813084812
0.1058337844939379
1.446211730443494
0.11572036182500109
0.06451243237048658
0.40068426847256394
0.16498401312301247
1.2927160341067274
0.2728601757908642
0.28064888243206554
0.5817740237238627
0.7055125142432578
0.8111828111617957
0.8985679245503404
0.3301593317980728
1.2312672922117671
0.6640951039914131
0.04517641794409634
1.276584589608969
0.0777581535425127
0.6771064694962837
0.4432351792110873
0.6632295092425651
0.9277892830005278
1.4315217869645962
0.08281438486943761
0.022076637684597517
0.05983638229426342
0.1703652401017271
0.19220734703823325
0.08396457011182158
0.1558027833700531
0.16862083474476433
0.10671166386779393
0.22973022305291493
1.2327203206283743
1.069353739772843
0.08276185881642789
0.13212083138426892
1.269197552164938
1.2780590512235581
