0.04923209243384325
0.7011956044449841
0.13998208558994815
0.7922386633793544
0.07531194984872955
0.20606776327573648
0.23301423393079282
0.40770676410181783
0.17107432929008087
0.520770371970229
0.22696120488722177
0.2530581615812002
0.42651329473033495
0.18199295576384986
1.2988132532265035
0.6087401943893956
0.11388677932351593
0
0.10472188812524898
0.047389036714489824
0.29915927371777756
0.15304738471250262
1.1507475050345841
0.19422860621730834
0.11714366692091997
0.08592006848346982
0.14857645373056635
0.06570400100731383
0.02665529358252767
0.5997818232146438
0.055021909449067236
0.4144288743980393
0.2092173241977016
0.2172607503283861
0.6069859591387416
0.6823475251123191
0.08039973723750868
0.46314584635624223
0.13649420329943185
0.2803345897654754
0.03367404368243532
1.2310884079412359
0.05178505062106692
0.8861172278179734
0.3098545158215646
0.712021458490957
1.0990886919373937
1.4411686124988037
0.09393634649511083
0.07093517533940796
0.11645681293804507
0.1451200730475294
0.08537023016695258
0.11101474098956163
0.08789170247635537
0.18498920060614013
0.2957098702506052
0.18973016434671164
1.2172724128017187
1.2045810022356773
0.13151960986130964
0.18322315478806062
1.2493429607143238
1.062384378524762
