35.84288052373159
8.284564895193732
9.372892784895482
19.142857142857142
92.37912087912088
19.360755975541966
15.2734375
7.026022304832714
7.088782562466773
13452.0
8.447303921568627
4.520476706392199
9.16915422885572
16.259312320916905
7.640135797812146
9.417423312883436
180.87976539589442
23.52392065344224
6.710897948308021
41.057356608478806
84.65220086794793
51.264160401002506
14.01522842639594
11.982617093191696
6.663996796155386
20.397350993377483
2.8950075642965203
6.216216216216216
10.025022747952685
20.854166666666668
7.907839388145315
23.21963276836158
3.148491879350348
2.97437194402293
4.051452784503632
5.51597565614302
10.652734548688306
7.936563262460788
17.55507791509941
11.323851203501095
0
0
0
0
15.371956339210747
15.544564315352696
6.279875840662183
35.24290578887628
2.5573314801945797
2.4870101276970495
2.4171558416966485
3.302402022756005
3.453333333333333
4.755389718076286
2.516211386264999
3.8922312320167407
2.8618246235606732
2.4284956221809497
54.05253878702398
32.69037940379404
2.5054885729710277
4.521739130434782
30.94298245614035
35.032467532467535
