21.707641196013288
22.75625
11.67607973421927
28.24639423076923
1927.7575757575758
46.11480362537765
26.48984771573604
40.80244399185336
7.4563953488372094
39.46845425867508
3.8438880706921945
80.57594936708861
11.377200335289187
19.27370203160271
12.067326732673267
57.43071161048689
10.592823712948517
42.910780669144984
10.74074074074074
25.12864077669903
53.043633125556546
0
50.9989350372737
29.83103448275862
9.913934426229508
20.58823529411765
6.042105263157895
9.01840490797546
53.714285714285715
10.036330608537693
9.645522388059701
4.794367456414841
7.560335781741868
9.904977375565611
10.289454545454545
9.78688524590164
14.0929203539823
20.47244094488189
14.187974314068885
15.39177657098526
21.650793650793652
183.425
1149.3846153846155
1960.3292682926829
107.4421768707483
27.69289019772823
11.600669736291335
19.37695017614494
3.800673400673401
3.4189356435643563
3.056201550387597
5.430958663148637
5.350180505415162
5.122549019607843
3.164677804295943
3.8865795724465557
3.0975460122699388
3.625592417061611
43.77124773960217
77.15976331360947
2.3171330387825235
4.082934609250398
55.72790294627383
126.99029126213593
