21.363636363636363
20.72850122850123
10.53191489361702
16.165497076023392
158.41191066997519
10.745542949756889
22.213890072432893
18.38539898132428
9.712164948453609
19.984105960264902
4.30307732092061
16.07843137254902
68.63505154639175
8.436186770428016
86.6606334841629
18.800301431801056
1556.7924528301887
42.27272727272727
22.32325338894682
2060.3076923076924
1380.5666666666666
154.1216457960644
48.98159509202454
27.54228855721393
74.98139534883721
17.232682060390765
16.709932279909708
25.640287769784173
22.82312925170068
32.04987834549878
23.323529411764707
13.18348623853211
4.663829787234042
4.753623188405797
2.7111394829237154
2.8013224181360203
7.229199372056515
17.32758620689655
61.101941747572816
12.940107671601615
5.877611940298507
8.20703125
61.13169642857143
2015.3793103448277
18.871488033298647
57.1890243902439
15.05614632071459
26.947006869479882
12.550247116968698
28.858278145695365
7.892255892255892
17.925133689839573
6.638418079096045
3.307621389059619
3.0145704237146207
6.374884008660687
7.731543624161074
4.644968200523756
5.120224044808962
11.339992600813911
1.4978601997146932
5.9824817518248175
24.896157840083074
125.5986577181208
