11.83695652173913
95.5
6.02970297029703
11.534148094895759
106.97169811320755
10.03914373088685
16.06381118881119
4.1230626162430255
5.568634969325154
12.962840627580512
5.6475195822454305
12.417298937784523
118.47260273972603
6.271531100478469
12.253323485967504
11.02045288531775
23.412429378531073
19.96229648671808
5.587834294703723
33.691788526434195
28.859649122807017
13.436546674801708
8.798837209302325
8.47562540089801
4.005822416302766
6.290811775200714
3.56794425087108
2.29671772428884
3.403997577225924
3.6188077246011754
1.9985775248933144
3.509771986970684
3.455297715416442
3.5650203896692343
3.6688666363222575
2.0089747490112564
9.48233931673422
4.896399241945673
16.728771640560595
4.785500747384155
5.812583668005355
4.871668716687167
23.420731707317074
166.84126984126985
29.45471464019851
7.440663547426627
14.846007604562738
20.078763708873378
3.4636199639206255
2.1725571725571724
3.6840934371523915
2.1889799635701275
2.098478066248881
3.073008179339594
2.0698587127158556
11.613297150610583
5.054716981132075
2.6804461942257216
25.67834916475598
52.89380530973451
1.7225806451612904
12.624103299856529
14.08530042918455
421.1413969335605
