17.735399284862932
13.259207783182767
7.9222222222222225
19.788961038961038
146.496632996633
19.600668647845467
17.18236914600551
8.61503416856492
5.4004519206628165
21.06657122405154
7.029411764705882
5.599896211728074
11.076353540027766
11.700084245998315
30.262093227792437
13.251908396946565
235.63636363636363
16.34078212290503
16.748864827104438
43.10035842293907
112.61463414634146
110.8695652173913
12.73921200750469
18.38235294117647
21.1610268378063
21.57638888888889
7.745940282870613
27.962472406181014
13.624809354346722
12.148351648351648
17.926186291739896
5.200280898876405
3.821216848673947
3.9048442906574397
11.566978982020764
13.573770491803279
19.143338954468803
14.99412455934195
25.81978527607362
17.31640356897735
0
0
0
0
20.554156171284635
13.619094813346548
6.335533171240014
65.07768361581921
8.30773042616452
6.1328125
5.2323733862959285
2.099058037070799
6.236142406489409
3.0536065113668256
2.397797131147541
2.1143349612180407
4.016227180527383
2.1053677932405566
48.816728167281674
70.56870567375887
2.373706634205721
2.164709517923362
39.43006878480183
187.36655112651647
