36.10128291694801
5.470109995217599
10.477366255144032
7.3044255699597676
53.018756169792695
7.191489361702128
18.21426062521953
13.395612172682236
5.233576642335766
5.461956521739131
3.742729306487696
27.563291139240505
28.55246913580247
7.355753646677472
11.72139534883721
7.125936599423631
1672.2325581395348
34.20820433436533
8.068522483940043
122.97345132743362
0
67.42105263157895
18.51286449399657
15.73350471293916
6.475272422464376
41.244725738396625
6.200186654223052
16.646534653465345
21.092105263157894
15.406542056074766
29.290697674418606
9.00651890482399
4.085938998657203
4.185981781376518
2.7992852888624182
1.7302891452046136
10.433573635427395
9.216329645173598
6.18280402788536
6.6872803935347855
2.309734513274336
2.1132075471698113
68.18181818181819
180.85106382978722
13.946360153256705
16.826174690112424
6.621973929236499
37.53982883475971
4.156156156156156
8.393846153846154
2.6980371067491262
2.789450354609929
48.22222222222222
4.601108700891781
3.0015368852459017
3.2421875
3.265473145780051
2.534078212290503
36.802356406480115
20.497806511198338
2.738845553822153
2.4306408053032165
25.167830592475784
41.62537165510406
