23.421513944223108
0
4.220020855057351
35.05882352941177
20.595717884130984
7.4020896528479945
15.369823893384103
12.483592400690846
6.640769515353311
12.083780880773363
5.7407958348828565
9.020979020979022
8.813253012048193
7.0192539109506615
11.127167630057803
25.089153046062407
24.857142857142858
22.802475011899094
4.218181818181818
26.834517766497463
11.400952032222628
22.49142857142857
5.982278481012658
14.182280627384484
2.232703176768661
2.1925411968777104
3.0474910394265233
2.4907695498859157
5.279077540106952
3.2844946931241346
3.3877495952509444
2.3353973168214655
5.056433408577878
7.194444444444445
4.052863436123348
4.31614539306847
10.875934887813463
8.7699656094765
5.973806366047746
4.988666865493588
4.2030905077262695
3.049748743718593
12.45933014354067
12.717035334673945
10.325581395348838
7.55833882663151
14.499828119628738
15.080680331443524
4.524886877828054
2.4612506680919295
5.006587615283268
2.9609137055837564
2.9439303211758303
2.6622185154295246
2.6066838046272496
3.373414748708314
5.5562724014336915
3.3385641428010984
26.16099426386233
83.08628318584071
1.5384615384615385
3.4383378016085793
28.251046025104603
46.21818958155423
