15.865911237016054
42.101351351351354
26.973561430793158
21.280397022332505
26.024870466321243
71.96560196560196
46.07824726134585
52.42748091603053
29.866233766233766
18.443309499489274
30.634338138925294
16.608144796380092
30.049129989764584
80.15094339622641
22.085308056872037
124.75770925110132
19.527720739219713
101.84873949579831
85.02317880794702
29.13980409617097
49.57159090909091
0
39.49748743718593
22.336633663366335
62.90450928381963
13.642633228840126
11.911764705882353
8.258064516129032
41.791044776119406
12.897308075772681
5.453257790368272
5.0667996011964105
10.861132075471698
8.764795918367346
17.69747899159664
22.489456869009583
9.423339540657976
133.76923076923077
93.31111111111112
53.72872340425532
0
0
0
0
91.28125
53.86181818181818
26.071138211382113
37.07901037509976
10.482398956975228
5.489864864864865
6.638532110091743
4.0041067761806985
4.099361249112846
3.6337332392378263
3.825165562913907
2.564243027888446
5.904907975460123
7.07679180887372
84.77777777777777
136.52159468438538
3.7594306049822066
4.518014411529223
105.08591065292096
79.61819658813972
