8.359264497878359
29.881422924901187
14.51578947368421
22.68
47.03225806451613
14.609899328859061
14.790067720090294
6.743838685586258
5.204899777282851
21.88607594936709
6.578272980501393
24.874715261958997
10.851648351648352
9.101123595505618
9.697604790419161
6.604026845637584
28.1325
97.57407407407408
0
14.192592592592593
22.685606060606062
63.03245436105477
8.211598052235502
11.652542372881356
6.048578811369509
5.000444247001333
2.247983268598745
2.8100970873786406
3.53185595567867
3.326427255985267
2.348684210526316
2.2755905511811023
6.5675675675675675
6.12007623888183
3.1386659285911986
2.973856209150327
11.116666666666667
6.674012855831037
5.874803397294746
7.943169398907104
5.126760563380282
3.311111111111111
240.39875389408098
126.85943775100401
105.26640926640927
23.21054506590666
7.0254872563718145
46.75574112734864
3.0360262008733625
2.039443155452436
3.2131715771230502
3.0025619128949614
2.6041856232939034
3.691960931630353
2.469902912621359
6.39219512195122
3.8558421851289832
3.1927480916030535
71.91509433962264
46.307310149041875
2.4597701149425286
5.53405572755418
52.45470692717584
147.41166803615448
