24.152210408505876
7.012740580103009
10.359824475865432
14.08849557522124
370.27777777777777
28.63153594771242
30.00829383886256
8.849747474747474
8.71995332555426
13.953711093375897
4.036671368124119
46.11570247933884
1059.1666666666667
7.294954128440367
12.196796338672769
27.468667255075022
50.69644484958979
336.0705882352941
11.28149300155521
11.9232
43.30546623794212
109.22338204592901
51.48207171314741
9.638440860215054
10.409729187562688
10.486459378134404
12.00531914893617
14.106034968979131
19.589891696750904
7.028716216216216
18.43661971830986
7.762203963267279
3.9932767162066525
5.585251175451621
3.122649394066026
2.163433700057904
8.738255033557047
6.724468085106383
9.453621346886912
4.711714062092356
2.760141093474427
2.564766839378238
101.65186915887851
158.47600767754318
28.22434367541766
13.394495412844037
6.651548451548452
58.039408866995075
5.441616161616162
9.331525423728813
6.736960179472798
4.953995157384988
7.334410339256866
4.95453120100345
3.1339162448228257
3.5996354799513974
3.3297062023939064
3.110462287104623
30.41118881118881
28.63858764186633
2.8780487804878048
3.5238693467336684
69.8799504950495
90.4381443298969
