37.91469194312796
11.360182370820668
10.648228176318064
10.469758981355161
44.770992366412216
13.810204584668474
13.60680340170085
6.834297738032614
4.455397803375301
12.738714090287278
7.071428571428571
7.038295421825511
7.096839959225281
11.06366214938544
6.308828702075273
22.700803212851405
341.6
10.077949254512163
9.041593143433325
251.5820895522388
20.970922882427306
22.11627906976744
10.72037914691943
11.746318289786224
9.36049265750829
16.922315685304305
3.606200707098178
10.571165361584523
8.487668161434977
8.187607573149743
10.079286422200198
5.775488069414317
3.476950354609929
2.3257609175121305
11.268691588785046
7.803285593934288
7.6914319952067105
16.875
12.351147437912607
368.5135135135135
299.0371747211896
5.631848064280497
28.475421863536315
2.7474150664697192
9.375535459305093
17.88057500921489
4.516558886929257
71.66666666666667
2.990843373493976
2.7839327146171695
3.1843483053182693
1.7877575515103021
11.039301310043669
2.33781414377557
3.0326295585412666
2.146690518783542
3.6044776119402986
1.8060897435897436
65.49395382924148
40.28693790149893
2.0782018262701945
2.455614973262032
29.207884483153794
33.32221379833207
