33.9390243902439
18.37456378441256
19.20023350846468
22.888670917116233
696.271186440678
11.189920424403184
45.752961082910325
7.645374449339207
10.601673640167364
27.303296703296702
7.6757961783439494
6.505367464905037
32.43615934627171
23.80933852140078
169.83673469387756
26.535024820739107
469.9530516431925
9.956553222302679
13.5625
5.605786618444847
21.471478463329454
966.1293532338309
13.327205882352942
407.47330960854094
38.286407766990294
5.515759312320917
9.471598414795244
10.355029585798816
42.089371980676326
329.1388888888889
24.444444444444443
71.23809523809524
3.5288270377733597
3.053297199638663
11.361317254174397
10.333185644661054
65.39473684210526
17.272407732864675
8.828183873398643
20.610320284697508
0
0
0
0
23.032768361581923
14.954653937947494
8.054656598345918
44.423963133640555
8.824044353662096
14.054633101231923
6.549199084668192
3.6006628003314
82.06
12.33394765941762
4.285907401149037
4.013971358714635
6.568708609271523
5.220370952530651
11.696878147029205
14.731717171717172
3.947477539737388
3.3667810932136257
10.116706634692246
9.84091964700418
