8.158640226628895
8.485401459854014
5.487724441187248
14.2608125819135
0
29.09526982011992
48.30866807610994
14.763231197771587
4.735698769007965
11.727861771058315
3.318834275772075
57.072072072072075
16.90909090909091
7.509657481328869
11.38664323374341
27.84260515603799
51.38121546961326
56.833333333333336
9.577981651376147
59.8125
84.5364238410596
148.6727272727273
22.676056338028168
14.127853881278538
10.040078843626807
17.144992526158447
9.618207480592801
9.077196095829636
43.01731601731602
6.406130268199234
52.79495268138801
4.303616912888436
4.475409836065574
4.773577981651377
2.971082089552239
2.6427974366118696
46.468503937007874
9.974090407938258
14.68868868868869
26.27803738317757
4.01123595505618
1.8846153846153846
103.2439024390244
37.483870967741936
28.893004115226336
15.500923361034165
10.44968372627947
34760.0
3.766599597585513
10.475703324808185
2.877049180327869
3.1330258957076977
6.197183098591549
2.4176128496261424
4.268077601410935
1.700163589623744
3.436915225404026
2.835595311536089
31.854674346477626
12.706595199254252
2.2064
4.4608599779492835
11.23574144486692
134.76683937823833
