94.41210374639769
22.41907400079145
13.880706025562995
12.854628422425032
0
18.105372514099138
10.613560732113145
14.482264665757162
8.594521778176919
13.250620347394541
4.459547888161809
13.133437990580848
12.329931972789115
9.847494553376906
26.661290322580644
8.43614931237721
14.272268907563026
1343.65
9.733016908929102
12.005261027923918
6.755489942793873
44.26753670473083
12.153905053598775
10.454020435362061
7.70961887477314
8.997048212528698
2.1270842721946823
3.4866163349347974
22.11103302881237
4.936581084046522
3.3757644394110984
2.2916129032258064
6.357626443647949
6.934864208434533
2.9737891737891737
3.2555485098287886
8.357923497267759
13.784501061571126
11.556650246305418
51.83835616438356
1.5050167224080269
40.12213740458015
16.01338432122371
3622.962962962963
27.299552906110282
16.81011826544021
6.740034965034965
64.4494314781568
2.6952526799387444
2.5364783324190894
3.001605136436597
2.0053061224489794
2.422659702691844
2.3434045689019896
2.055681818181818
4.53475935828877
4.988876529477197
3.105791006146878
58.70718232044199
86.25437572928821
2.1253918495297808
6.545454545454546
80.11816838995568
341.23222748815164
