64.46990496304119
16.406408094435076
13.070801317233808
10.17426273458445
1903.851851851852
8.907366885485047
6.842142107105356
7.1045385007649156
8.474178403755868
9.996268656716419
6.616017727128838
9.712828770799785
5.875862068965517
5.892146217879117
10.196808510638299
13.188118811881187
65.19417475728156
11.382568558240564
9.915060851926977
134.7317880794702
20.329588014981272
20.84037558685446
7.945137157107232
9.809600645421542
8.414634146341463
7.472156598042525
5.5093884120171674
5.929230769230769
82.8
5.790735694822888
4.184552638287025
4.458666666666667
4.655737704918033
5.160504442533678
6.325652841781874
3.8800515214941234
6.003231492361927
7.6603828306264505
10.35144312393888
20.73842105263158
232.5931863727455
8.973451327433628
15.783783783783784
3.150730411686587
6.26170527353376
16.385672937771346
6.595250944414463
100.14865900383141
2.5122388059701493
3.536271186440678
2.2182393252503956
2.3537906137184117
2.181195279786829
2.576934568270093
1.4059320199177312
4.5956746591443345
2.820272572402044
1.6246153846153846
38.26271186440678
38.41897233201581
1.2786206896551724
5.877391304347826
47.5472114853672
331.83720930232556
