23.568435754189945
111.86079545454545
7.890781563126253
15.936686903729402
15.83932584269663
39.70120898100173
9.594634873323399
9.983832620066572
6.940609951845907
18.53189964157706
3.895411938825851
23.770392749244714
8.729559748427674
6.706964520367937
6.455813953488372
9.37660747091243
17.04179104477612
31.74101247248716
0
13.321404903909874
19.42681521321552
39.69230769230769
7.165094339622642
4.5230293663060275
7.2432908051033875
5.441739130434782
2.3667022411953043
5.367903930131004
4.398601398601398
2.41577873498073
3.3311561071195297
4.496877168632894
3.0225752508361206
8.250510551395507
3.0274946669826974
3.7730396475770926
7.081967213114754
6.693392724573125
8.285286185196284
7.964829218802841
4.827586206896552
7.094594594594595
122.98932384341637
378.0
26.934763181411974
14.998112495281239
6.757387247278382
146.85897435897436
2.2445054945054945
5.082612116443745
2.073121735636802
4.6767537826685
2.31638198757764
4.516388729154687
3.734042553191489
4.539526574363555
4.699846860643185
3.948297604035309
7436.0
19.85344576911893
2.8411214953271027
9.013750954927426
39.64601769911504
193.02841918294848
