29.70747849106552
5.148486980999296
11.918526785714286
8.724310776942357
0
21.412327718223583
14.182920110192837
11.02925687536571
14.20627802690583
6.663409868099658
3.6392391536653133
333.25
9.33180987202925
10.426055426055425
6.650814332247557
15.15625
34.28331466965285
29.509951182876456
6.971389333943694
62.14785373608903
11.441320293398533
47.3927680798005
8.352742616033755
7.6523891109842
6.3462508598945195
9.777349768875192
3.453825857519789
2.631713554987212
11.312101910828025
7.687366167023555
2.2069219440353463
3.332645693656524
3.4083182640144667
3.473946957878315
5.080819487014034
5.214545964125561
10.764995083579155
6.219325842696629
33.310344827586206
13.654324055666004
0
0
0
0
27.999352750809063
15.88502122498484
4.468600191754554
57.478615071283095
2.4206642066420665
2.257543561410965
2.5201294033069734
2.452566096423017
2.0887596899224805
2.6097369454259915
2.1330841121495325
2.3633310946944257
2.9300291545189503
2.1903676261043032
53.41233503905198
178.18421052631578
2.2934021378547733
2.25
87.04549082202713
70.99686520376176
