44.57953936797001
10.77084361124815
22.94782608695652
10.56503642039542
474.54545454545456
23.503740648379054
46.038910505836576
4.226457399103139
20.593998775260257
18.029277218664227
25.891655450874833
22.71536523929471
305.9027027027027
9.705170849712731
29.08609271523179
15.966880341880342
19.476971942826893
72.99748110831234
13.091617933723198
13.544807965860597
21.344122657580918
7.6488874345549736
21.87359279511097
9.698069940760558
15.973366834170854
9.240318906605923
7.788594109045331
3.3956608621181843
13.05
6.864197530864198
3.2046384720327423
4.038082049506665
8.66875612144956
17.41311659192825
3.653252090123282
8.24487471526196
13.466666666666667
37.7791580400276
6.339666666666667
31.0024
6.15971873430437
3.294838145231846
31.473447344734474
252.64901960784314
21.04500978473581
33.89563106796116
17.895392571697226
37.73043013625434
6.36116504854369
2.960972488803583
5.884904086738949
3.223803363518758
2.747787610619469
5.359142130134496
3.0147347740667976
9.581002892960463
5.537109375
3.154450261780105
38.17145073700543
283.4653614457831
5.771593090211132
116.38839285714286
78.28934010152284
0
