7.441634241245136
881.25
15.9024211298606
14.934579439252337
176.37426900584796
45.67678424938474
20.74342701722575
42.40963855421687
13.528528528528529
14.964401294498382
5.5918682449819865
6.251121076233184
23.517156862745097
132.46478873239437
33.07304785894207
25.973763874873864
124.0253164556962
14.638152266894782
9.381381381381381
174.12765957446808
20.256603773584906
51.6203605514316
9.372507869884576
21.427777777777777
8.856876456876456
22.13552068473609
5.574148874783612
3.220408163265306
8.465346534653465
21.56513026052104
7.675407512402551
7.098716246126605
4.1949115998275115
4.419598816178889
5.9923506913798175
9.660144181256436
8.321589882565492
133.69594594594594
7.9812059514487075
35.947454844006565
0
0
0
0
35.04852686308492
21.107252298263536
11.328051854519265
29.32846715328467
3.1799544419134396
2.495426271496524
3.0839469808541975
3.1392405063291138
3.686262376237624
3.3413807708598053
2.338349097162511
2.812573213588442
4.6192660550458715
3.295104895104895
45.478547854785475
105.1304347826087
4.717741935483871
1.8929477422628107
21.55083829096809
41.37378917378918
