18.76923076923077
40.57559789217673
4.7982077663458345
18.461736004108886
65.14304041051956
15.700822264389627
18.346938775510203
10.677941877084326
5.161124001031194
14.707427993936331
9.126142595978061
13.70392749244713
18.422043010752688
12.055776892430279
15.9835255354201
11.361511685728493
25.631307929969104
7.454056958624395
13.243421052631579
16.36118900729108
1051.8212290502793
14.147692307692308
86.96676737160121
4.040229885057471
23.945848375451263
8.039046302695231
14.320145520691224
10.47415836889521
31.97167138810198
19.684391080617495
20.188435725348477
13.782784517619874
6.46039603960396
8.20754716981132
3.628766219485375
4.473409801876955
18.086895585143658
5.734668335419274
20.906040268456376
8.385846672283067
2.9072164948453607
3.8857142857142857
115.78227060653188
195.84
33.9392575928009
11.813471502590673
14.759294265910523
15.48342541436464
9.240140464613722
0
16.598333333333333
3.41123595505618
10.251399052948774
5.530055732484076
2.2742616033755274
2.8796031291738218
7.693693693693693
2.5245083651306133
19.67126481445502
34.902519167579406
2.759369907658881
2.4394904458598727
26.78436018957346
92.46021699819168
