57.83053323593864
20.836128413991375
14.428921568627452
8.450833061091148
0
13.179242174629325
9.328050713153724
7.616842105263158
7.860018581604212
12.467623791385877
2.595419847328244
9.774534841298797
3.74484135788773
12.246901811248808
3.752662464681591
12.024092711192436
47.37725947521866
7.7681219537488335
11.346079452462432
17.920723935763448
27.426345609065155
264114.0
5.010744810744811
26.839470655926352
8.275774072813883
30.53964757709251
5.837272953471013
2.9820127843020665
6.8761591384983545
20.61940505977203
5.361994219653179
5.109143283900566
5.166290103931315
3.7758020873598763
5.847350714886459
3.5210432720806164
4.4098642110191975
7.103967855349071
7.219547511312217
9.704195690912035
76.77902621722846
8.347381468856524
20.30115622479161
4.556841670111616
6.102189781021898
13.082028139102734
7.842303736715804
103.84905660377359
3.658576051779935
1.9297124600638977
3.671135646687697
2.0476559473072453
3.351384167071394
4.4406938584153774
2.7351054078826764
2.641728474685585
3.001940491591203
2.3298350824587706
165.62356979405035
24.148754448398577
2.5259067357512954
5.125751776927283
42.02083838139084
173.12084717607974
