20.583673469387755
5.095437860513896
10.599504029758215
12.568866844715757
26.141304347826086
9.206889481238466
11.666666666666666
9.069417475728155
8.540963855421687
29.71315468940317
5.703511053315995
5.081818181818182
10.492502499166944
15.162442396313365
8.203581526861452
9.716447807700868
77.5625539257981
14.280533458118859
12.736455860133823
40.023976023976026
82.38062283737024
47.054704595185996
20.376062786134728
9.543026706231455
25.353
10.68412017167382
10.128265107212476
18.637603507062835
11.0092899800929
14.959857904085258
10.408593091828138
7.633885102239533
4.377579475738985
4.34009009009009
22.400313152400834
21.742584472530307
15.088403041825096
9.40817843866171
189.68384879725085
14.799551569506727
182.68790849673204
11.451112043642468
33.23611666000799
5.4935064935064934
7.012573344509639
15.146950899877687
10.448970747562297
69.77545035609552
7.594181818181818
4.209150326797386
5.969550173010381
2.910284463894967
4.4217734447539465
4.051609848484849
5.070630932439978
2.650316712684749
9.248878923766815
2.4867758186397984
43.31057157309054
91.11337532419415
2.4191592562651576
6.991616766467065
133.3214053350683
225.09234234234233
