76.0046674445741
38.47001620745543
18.084291187739463
32.45283018867924
1001.25
9.476486246672582
22.206572769953052
6.8937875751503
11.267806267806268
33.25645756457565
8.547655068078669
71.26383763837639
7.131769722814499
19.66256830601093
8.352941176470589
13.49902248289345
18.561679790026247
23.925925925925927
53.25
12.801897983392646
99.71035940803382
72.73234524847427
12.950793650793651
14.190757128810226
16.34651019147622
20.36317689530686
5.4471544715447155
24.015523932729625
13.88679245283019
11.3001443001443
6.866717440974867
4.377455565949486
9.541372674791534
5.478611164396701
6.990801576872536
4.4103626943005185
9.21744966442953
7.167164179104478
21.62348178137652
8.771920668058454
1.1304347826086956
42.73015873015873
38.688
2139.7948717948716
15.874601487778959
23.756206415620643
12.622209165687426
31.20137562094001
4.759511844938981
3.0900339750849377
4.526987811955891
3.7152777777777777
3.3099078341013826
2.909843205574913
2.9845474613686536
4.072538860103627
7.570652173913044
3.1012031139419673
102.79327183939229
112.18975903614458
4.782608695652174
2.7103801794105085
81.89885807504078
624.9154078549849
