10.234590616375344
1191.7317073170732
4.942602040816326
12.486426999266325
8.727868852459016
15.095744680851064
5.571915861284821
9.675
3.007329842931937
6.39709223080418
4.383989145183175
4.791288566243194
21.842424242424244
2.005361930294906
11.007941356139279
3.0985915492957745
3.614050689195198
0
7.5184
39.954372623574145
9.552429667519181
0
11.827956989247312
35.639013452914796
6.46643109540636
3.1619209519762004
2.5342750311591193
2.0072845002023474
7.3003003003003
3.37069547602971
4.056032535020335
3.6864
2.4963503649635035
3.981028457314029
10.851015801354402
3.5717077937942827
5.29798903107861
6.123529411764705
2.8922155688622753
6.641148325358851
0
0
0
0
4.480676328502415
9.187244480784955
4.354587869362364
0
2.650768748038908
3.1257360581918947
2.782608695652174
4.4514601420678765
2.371406065380071
5.35832414553473
2.4595588235294117
3.7241379310344827
5.533297238765566
2.121212121212121
32.69924374636417
9.790812141099261
2.884899972595232
3.6375782881002086
9.239474469991043
6.161693936477382
