44.37695078031212
8.537412905180249
8.261520737327189
10.54726688102894
0
20.01510067114094
20.46153846153846
6.433349491032477
5.799683919399447
13.344827586206897
6.536103896103896
6.838031131678586
7.806451612903226
10.899663946231398
18.02064631956912
20.273412271259417
16.482963345379453
58.73376623376623
12.421896316507503
7.330207445296959
21.334519572953738
14.385353095030514
121.17711171662125
8.895348837209303
7.0437141995779315
9.81348405329027
4.286427976686095
3.8513902205177373
58.14613778705637
4.271228359439406
2.973139586085425
2.787239944521498
2.769230769230769
2.0268308775016495
9.470574443141853
8.466815144766146
7.13603966532383
14.792857142857143
16.81369117075068
55.89297124600639
196.59071729957805
10.484641638225256
23.011494252873565
2.9971617786187323
8.20167327168648
13.753120665742024
5.509593084545646
77.235253296322
2.2290167865707433
2.4651988636363638
2.2753977968176256
1.812532637075718
1.7056384742951907
2.8361888842457166
1.6882335239241648
5.005408328826393
2.840713053479011
1.5859030837004404
32.364502680166765
118.00175284837862
2.223453370267775
6.378873239436619
339.5032679738562
280.73850574712645
