21.490210843373493
9.554082554986442
10.245363766048502
17.842370039128003
250.77404921700224
73.6220351951033
20.227827502034174
39.44547134935305
4.703087885985748
29.301724137931036
2.9791581528402125
13.828176795580111
17.821606254442074
13.836618876941458
16.08539094650206
24.50997030123038
82.29100529100529
48.165308498253786
2.9522292993630574
76.7073732718894
95.69849246231156
1298.0625
20.56514657980456
32.17089125102208
9.242424242424242
73.23008849557522
5.167058823529412
7.25700365408039
11.250885179564998
34.95916594265856
8.72840605520926
30.546080964685615
3.7633428794584742
7.2894736842105265
9.631679389312977
6.26091727013386
9.597682119205299
40.51980982567353
13.267384105960264
127.5956678700361
0
0
0
0
6400.0
30.459758022093634
9.331797235023041
66.31353919239905
5.719276739197058
4.853241197762422
5.638241172551632
3.4718401245782506
11.189064558629775
7.887923147301007
7.0278284671532845
7.092517006802721
5.450486548368632
2.887928052576963
86.34745762711864
67.93789607097592
6.034320323014805
6.417910447761194
39.37616099071207
72.47776879547291
