13.641752577319588
3.5871750433275564
6.079360780065006
4.9897669130187605
450.51428571428573
28.94199535962877
32.06936416184971
17.347826086956523
10.256673511293634
5.191241874786178
4.247294194817973
41.76220806794055
19.77136972193615
11.038930397168699
13.026833631484795
23.92808988764045
282.38862559241704
17.255489021956087
14.395326192794547
26.913425345043915
34.92407809110629
94.0569105691057
10.382513661202186
13.962016070124179
7.732919254658385
14.305327868852459
5.804195804195804
9.421052631578947
16.396887159533073
9.689144736842104
7.548830811554333
4.300448430493273
3.421480878763222
4.664094955489614
2.7947508714373592
2.135647216633132
17.424973767051416
8.601041666666667
21.778118609406953
11.51141304347826
2.627450980392157
26.7027027027027
140.32075471698113
10966.8
37.79284164859002
10.2599486521181
7.897417503586801
50.22430939226519
5.068075117370892
2.8737453777073427
3.883093525179856
2.4145583666222814
4.009308510638298
3.462505822077317
2.8284960422163588
2.5376344086021505
4.254654983570647
2.3542366554684584
57.69573115349682
54.3690036900369
2.381004969630039
1.8459694336230146
30.2087260034904
65.48728813559322
