10.268478260869566
14.767643865363736
3.774378585086042
17.14630467571644
780.1315789473684
16.413555992141454
16.1
11.266365688487584
9.271634615384615
21.4729907773386
4.222222222222222
6.945621468926554
19.17624521072797
8.675550999487442
44.140127388535035
8.367011781506605
86.60220994475138
10.857077205882353
9.544010589013897
17.670731707317074
39.57142857142857
0
9.93227091633466
73.548
6.089820359281437
1219.090909090909
6.145015105740181
5.6701902748414374
13.511677282377919
25.173120728929383
10.774895397489539
8.601269474899018
4.413357400722021
3.0167048804454635
4.801472844430807
4.852156733618703
23.94156560088203
30.166153846153847
27.531152647975077
9.708029197080291
0
0
0
0
24.87272727272727
14.347826086956522
10.534653465346535
47.724938875305625
3.9934123847167324
2.2875237492083595
4.045328719723184
3.9222972972972974
178.11290322580646
4.134505949301603
6.994299674267101
4.684250188394875
7.3633217993079585
3.7679324894514767
54.16624685138539
34.745874587458744
2.2778382299601017
2.699344149119779
15.68357740585774
26.738632295023272
