37.11361079865017
5.683155080213904
10.4478388040299
12.893385214007782
21.685393258426966
25.595238095238095
9.419322709163346
9.03903903903904
10.37917737789203
170.96045197740114
4.08203125
3.9945596735804147
4.427192614351657
22.591486183719194
7.7724810400866735
28.569444444444443
65.9238578680203
13.705824284304047
6.7559541311379006
38.86708860759494
22.094117647058823
35.37777777777778
6.26
16.869701726844585
7.231590995803129
19.417021276595744
5.557644730331519
3.683923705722071
12.213250517598343
6.971085242208036
5.117994100294985
4.217146640185369
3.2135135135135133
3.3784206411258797
8.065573770491802
14.460819554277498
7.898677089597114
5.0683060109289615
7.5768981181051265
4.066867634968484
183.86082474226805
9.44692005242464
21.493571132310244
8.276080084299263
13.110021786492375
18.244371674171102
8.097045269720791
0
2.6634000852151685
2.5734653465346535
2.314572864321608
3.3529411764705883
1.898043254376931
2.89259645464025
1.6248338207923425
2.9043258604357436
2.9415730337078654
3.1500227998176014
44.20973514674302
37.29625815310676
1.8517253160232319
3.1316239316239316
30.16890595009597
70.3682119205298
