58.0
5.514250309789343
15.86970684039088
35.20879120879121
53.1072226358898
40.54734721289456
18.77457168620379
7.76431718061674
6.268209083119109
11.477918670747705
6.163292253521127
16.272668393782382
10.306875
22.28165086447295
7.0233362143474505
28.365994236311238
208.609375
19.407418397626113
9.30406852248394
80.51063829787235
33.935018050541515
47.61904761904762
7.768434134217067
10.095367847411444
8.891972993248313
11.198307134220073
6.8562241616904
3.563091964558509
20.446043165467625
7.2451827242524915
2.924126172208014
3.3945230213662354
3.800336511497476
3.9083798882681564
8.154203437064561
8.66857962697274
17.622146673142304
17.693050193050194
6.096742349457058
19.484777517564403
630.4104234527688
17.796610169491526
31.785953177257525
6.407766990291262
107.77118644067797
24.35522991409803
10.143112701252235
188.50877192982455
4.305795314426634
2.318293683347006
3.819971870604782
3.3884892086330933
3.2477064220183487
3.4377682403433476
2.818043972706596
4.370907390084191
3.8445108927808627
3.0568466213800503
108.21818181818182
90.3258785942492
2.113159022717531
4.073917137476459
86.53641207815275
139.64942841589547
