9.464731690853863
18.888070692194404
8.39806763285024
18.211667684789248
0
22.013458950201883
19.4343661971831
12.217506631299734
4.966452205882353
21.35125284738041
4.077757009345794
26.710333145115754
10.955448937628512
8.975095467375063
9.043478260869565
8.45260347129506
15.366470092670598
10.01142857142857
11.325974025974025
10.925008151287903
411.1378205128205
168.9494680851064
270.4652406417112
175.15384615384616
13.256962690488702
11.484599589322382
10.01505016722408
11.009535655058043
76.09467455621302
47.31070496083551
29.810688989053446
22.022957461174883
12.147403685092128
12.069404279930597
5.8545454545454545
3.865315852205006
19.213389121338913
8.03265306122449
14.717948717948717
25.894736842105264
4.384375
3.2736344537815127
33.90735694822888
31.411363636363635
33.55806451612903
17.75128998968008
227.70909090909092
11.904570278815752
5.966660786734874
1410.0
13.211488250652742
10.305052430886558
12.994720168954593
23.70715350223547
7.32294299354114
15.287414965986395
5.417201540436457
2.749404153898536
6.448751397689154
6.810491128824891
4.425278669941432
5.66275730014361
6.355482456140351
4.490412639975457
