83.11206896551724
21.129437465865646
18.544310722100658
1295.5428571428572
176.96629213483146
21.890775585130793
19.34455270150576
8.60801665799063
12.669099756690997
0
7.474985285462036
37.06896551724138
6.389157792836399
37.45569620253165
7.73286467486819
25.78649237472767
15.57754172989378
29.36754716981132
13.244731047499213
14.818941504178273
51.715881883479646
18.803663423010875
874.5365853658536
6.967037178995784
8.20142803457347
10.542389210019268
4.337440758293839
4.7309278350515465
18.21189591078067
5.784197111299915
2.994990772475613
2.5816298718997004
10.214553014553015
4.917897796076532
10.986178558087412
5.3747512712801235
7.071018062397373
10.091454272863569
15.39080459770115
21.132471728594506
4.582542694497154
24.36014192785334
4.914893617021277
476.1570996978852
335.69868995633186
26.066074403109383
11.358258400378608
57.587426326129666
2.047945205479452
2.5206958608278343
2.654308093994778
4.441860465116279
3.2285084496693606
2.1032165146423427
3.1123388581952116
1.9784735812133072
4.728476821192053
4.753731343283582
124.92693110647181
77.19794344473007
2.9017921146953407
4.173053152039555
91.30981346309814
92.18949435444281
