13.345443716497915
15.054463554463554
8.073394495412844
18.38690115221346
178.83552631578948
7.598532110091743
14.180560482440582
25.58823529411765
6.124769287559985
8.648489932885907
3.909228441754917
10.447939262472884
13.542820622070728
18.369565217391305
16.177902621722847
6.843178254051228
759.3962264150944
11.842105263157896
9.047340736411455
101.91637630662021
67.52043596730245
140.47619047619048
6.78513731825525
35.13513513513514
15.931034482758621
15.21951219512195
12.65
20.444444444444443
7.953985209531635
16.11371237458194
4.447166921898928
4.398660986001217
8.249242169080498
7.754385964912281
4.331540799625906
4.1352298495155635
60.62264150943396
11.012829169480082
17.453461975028375
18.56242568370987
1.2903225806451613
45.857142857142854
19.644444444444446
1043.25
58.390516039051604
9.925557136083452
9.579662723382834
34.10394265232975
8.727479182437547
7.223076923076923
2.865771812080537
2.713872832369942
1.8628588882101405
2.1624249356591365
2.057118974644748
2.2111111111111112
2.8247483718176434
2.179815688918858
26.677974315483404
61.24794745484401
4.716024340770791
1.6612164813603663
288.6836935166994
34.61147046140578
