52.84143222506394
18.64521739130435
27.80666666666667
47.30783242258652
47.2088772845953
109.07977736549165
17.94614003590664
19.09753231492362
19.841961852861036
34.584
12.927029804727647
10.253347064881565
14.556291390728477
16.224696356275302
102.6824644549763
23.478454680534917
54.04936014625228
308.0085836909871
13.3398133748056
27.798397863818426
280.62883435582825
50.70348837209303
21.355042016806724
516.8
13.881212121212121
16.625
13.520661157024794
8.61926192619262
61.967213114754095
6.270990156340475
4.658823529411765
8.47598719316969
7.338461538461538
4.291896478574459
5.571964956195244
6.7672018348623855
46.20987654320987
14.409785932721713
31.457085828343313
18.835443037974684
6.837837837837838
48.61172161172161
8.471264367816092
3865.9
16.692653673163417
23.949367088607595
9.95511744966443
81.34394904458598
8.072289156626505
4.321428571428571
4.704112337011033
2.2586666666666666
4.318713450292398
3.6708133971291868
3.1597337770382694
7.65244375484872
3.453125
3.3851030110935025
19.45843580914904
74.79342723004694
2.3069466882067853
9.440140845070422
43.413680781758956
493.86842105263156
