39.894067796610166
8.221153846153847
10.465583582727662
15.647058823529411
144.78983833718246
33.417142857142856
33.77800829875519
29.065390749601274
5.470701867353509
11.084087280468335
7.28042328042328
61.703252032520325
2967.0
13.428355387523629
12.642857142857142
12.48949256791389
180.05607476635515
27.544554455445546
19.19191919191919
29.99299229152067
45.06776440785307
218.04017857142858
14.076502732240437
13.202240199128811
9.997680890538033
6.527916251246261
6.265988372093023
2.7233968804159447
11.513184584178498
6.61139896373057
3.7611940298507465
3.7142857142857144
4.610761553482317
6.717334208798424
4.382028376248029
2.9853132552519055
23.08719052744887
11.549160671462829
30.425233644859812
24.758679085520747
13.407407407407407
4.955223880597015
595.6162790697674
303.0838709677419
44.62874251497006
15.702764976958525
9.352639671963097
62.549203373945645
6.050531914893617
3.1352899069434503
5.63273727647868
4.208166533226581
3.963392312385601
2.650434782608696
2.7552894211576846
3.951799877974375
5.379134860050891
5.953177257525083
40.11364458921462
20414.375
3.151193633952255
5.862412761714856
160.8925035360679
205.77850877192984
