78.58823529411765
178.10249307479225
4949.333333333333
35.50079491255962
643.547619047619
91.88666666666667
49.7921146953405
26.005873715124817
407.64
30.10745233968804
21.066666666666666
107.73333333333333
16.115173674588664
25.939924906132667
14.249605055292259
28.73712737127371
69.70331753554503
40.14094558429973
23.315830115830117
13.64549483013294
111.09293680297398
16.940736119775423
78.42413162705667
10.79235880398671
11.317556411667583
8.15226656334754
6.654735272184936
11.300742574257425
8.963855421686747
6.08927599346761
10.751445086705202
11.704980842911878
10.897607655502393
10.817518248175183
10.911808669656203
6.333333333333333
19.549107142857142
15.744860943168078
95.0
19.557542411737735
1.0
66.0
63.38709677419355
9773.739130434782
2231.0476190476193
43.533514141805504
16.015754233950375
195.04
7.266666666666667
3.3658536585365852
10.380952380952381
3.68
7.428571428571429
22.136363636363637
13.27659574468085
28.028776978417266
23.671875
2.3451327433628317
27219.5
164.17816091954023
16.272727272727273
50.05263157894737
3135.3870967741937
8752.42372881356
