23.523076923076925
20.332912988650694
7.496394230769231
61.069637883008355
57.33243967828418
52.64
23.003939592908733
20.35708154506438
17.08836617927527
12.774387193596798
4.675658317276814
5.0463334549434515
72.34438775510205
8.736690647482014
39.1664656212304
10.189813118358373
1473.7358490566037
69.03167898627244
14.764452113891286
100.15384615384616
90136.0
513.0
96.09881422924902
127.73076923076923
31.806451612903224
10.777893639207507
9.467764060356654
18.9651376146789
22.567164179104477
41.954887218045116
16.502046384720327
38.15384615384615
2.586004691164973
2.1467001434720228
4.64902807775378
4.230629978276611
58.20814479638009
11.779376498800959
19.64169381107492
16.594594594594593
0
0
0
0
18.20545073375262
16.887990762124712
11.060634328358208
20.784543325526933
6.469226722777486
18.710929519918285
4.770851624231782
14.224956063268893
4.648621802830892
7.5964912280701755
2.320515670148922
2.5083899320815024
3.9470782800441016
3.1093544137022397
7.52803738317757
9.869888475836431
2.0833793484262837
2.5319693094629154
23.68949506674405
42.84
