320, 112
43, 95
262, 23
37, 25
187, 59
99, 82
154, 33
46, 24
204, 34
46, 22
131, 26
342, 32
43, 18
119, 19
13, 15
54, 31
351, 70
21, 22
259, 40
411, 61
72, 86
245, 93
19, 18
184, 35
182, 28
346, 25
123, 22
319, 27
365, 51
81, 30
263, 20
88, 15
161, 29
183, 36
208, 19
111, 22
290, 24
309, 44
266, 44
242, 17
559, 198
12, 168
556, 23
12, 43
71, 77
73, 45
53, 85
22, 26
95, 11
191, 13
112, 4
167, 5
222, 6
216, 6
200, 7
246, 6
172, 12
146, 11
120, 21
139, 7
99, 1
238, 1
90, 3
118, 1
312, 131
44, 115
255, 31
64, 31
399, 145
34, 125
372, 32
14, 17
192, 27
100, 29
170, 29
79, 20
55, 27
113, 22
23, 26
52, 22
340, 89
13, 38
276, 37
389, 52
68, 73
252, 56
23, 30
173, 45
217, 30
301, 30
164, 26
268, 33
393, 69
78, 41
256, 21
95, 18
124, 53
182, 74
182, 25
114, 21
177, 31
62, 33
275, 44
299, 21
193, 1
25, 224
259, 32
21, 22
93, 113
80, 70
59, 85
23, 32
148, 8
177, 10
162, 7
125, 6
209, 6
253, 5
197, 8
192, 6
127, 10
134, 10
153, 20
174, 7
133, 3
189, 3
108, 6
232, 2
396, 126
60, 103
330, 35
36, 26
184, 78
97, 125
190, 32
46, 20
268, 34
185, 29
181, 19
246, 22
36, 14
111, 16
51, 22
49, 23
326, 88
65, 48
274, 44
6, 4
271, 116
408, 140
191, 21
375, 21
108, 59
46, 33
62, 29
14, 21
129, 28
358, 30
62, 26
303, 29
170, 28
196, 27
169, 16
114, 23
280, 31
228, 30
262, 26
176, 23
559, 165
20, 129
551, 26
20, 36
69, 60
74, 35
51, 72
25, 22
86, 11
197, 15
208, 11
131, 10
224, 18
152, 13
186, 10
159, 9
202, 10
171, 9
140, 12
140, 9
112, 7
194, 6
106, 9
124, 18
