56
82
112
68
0
168
104
117
146
98
135
59
67
117
41
110
105
49
128
51
121
101
63
215
127
87
155
169
72
270
336
133
244
161
197
287
100
84
148
100
22
35
32
30
100
216
161
57
184
141
165
88
153
225
244
224
95
204
213
144
11
66
134
65
67
85
99
42
36
81
124
47
91
103
131
104
54
140
58
102
96
35
149
53
80
99
66
195
148
98
144
198
31
278
338
180
224
177
198
281
127
104
122
109
31
21
0
28
91
211
362
64
75
111
154
93
140
179
184
227
164
196
222
186
56
53
131
85
56
122
192
92
0
213
133
124
209
102
199
133
94
135
57
133
25
211
141
21
234
33
175
83
27
113
146
37
191
124
126
188
273
189
244
294
135
102
168
160
32
43
36
42
102
202
156
62
121
123
158
166
148
213
299
225
144
248
234
217
156
236
169
130
