28.442928624363358
66.66595872329023
57.225122675735754
66.8882650734531
84.8055710922652
77.72290194889199
81.90075158982613
82.17628926811474
56.44506377892101
70.91227912958281
77.03549133958076
84.902600262021
74.44231398246941
80.27737568805973
79.38034472384487
82.98911851907908
36.027373385103616
78.46913373855966
37.8749836510982
76.82744657667311
83.50065372034544
63.631166478815935
83.96045801083645
75.46554491945989
61.64503821467594
82.3244447282478
74.90842732140513
86.31651361083951
78.33122599963106
76.05190381562642
83.95308329847042
84.65694424142484
74.61153216724102
80.07375449334829
60.903111200471976
68.9814047148989
79.73321116729291
82.16831046583891
62.78388844269253
71.56505117707799
57.42594286542748
57.42594286542748
57.42594286542748
57.42594286542748
37.16447489351145
75.39555255320988
50.74866341728776
75.00891527820134
83.89722034634423
84.38779677067514
82.40535663140857
83.52387546164881
84.18751761688728
86.5623350076348
85.01758040962419
86.66804793278685
85.07289005235099
85.17923392190735
30.30803947276512
25.94838851686132
84.17365797044422
85.23635830927383
18.3916413636615
26.100186898816535
