45.90938044919914
75.33976776269861
45.40634623330904
70.81210339537243
89.28975812293939
78.69006752597979
86.38137051985564
82.81946450227984
73.2542494616799
83.8200757508169
67.96377305985456
75.04136392627913
81.52885536698517
82.8749836510982
80.47132486331296
83.83367077551858
37.8749836510982
77.63750758428569
37.0565281894096
71.08126236532094
33.690067525979785
81.86989764584403
41.98721249581665
82.64762064010763
46.8476102659946
84.86547256496553
62.62229722866828
84.85370531184002
88.3214831502729
74.54798935887031
84.9632172904775
78.36636600105956
81.46923439005187
89.29701957726442
11.477626959607766
68.13635761323408
48.544766455594875
87.19362974821176
17.281498371816653
80.85438490537855
47.29061004263853
21.99112991717713
50.9061411137705
37.8749836510982
56.309932474020215
83.62554044746247
16.83166875824151
69.0202467972649
74.79196080936467
34.69515353123396
83.01894259317021
86.80655072671671
84.85370531184002
80.1806993612421
82.52844082340762
82.3549867283293
84.85723544211577
83.11827636936306
18.026117375651495
24.26811150791714
81.36919821145158
86.02444632739649
24.37148355734833
50.11469645222686
