59.03624346792648
80.79417649036347
61.78264414527071
81.1304738095093
86.85750422292723
85.23635830927383
85.29214775562778
86.30344384757169
70.38212059188172
78.07067782276167
81.39551840690734
79.27114070198995
82.10030838573478
82.95874935093975
74.52136183458165
84.94831065623758
50.1944289077348
84.50491153648238
53.880659150520245
82.59700973283249
52.305759533310834
83.92550742308163
71.23193993315664
77.60459316624154
53.615648184164115
86.56400565770542
65.40988283380399
85.78867116290536
83.11016254381181
75.41705767051593
84.77054922650883
80.94211187138235
83.2670786731404
85.94831616217155
75.25643716352927
79.84228103492123
80.99149625797484
75.43972438064313
78.61357120359082
78.13226810243393
22.61986494804042
30.963756532073536
11.768288932020628
32.005383208083494
68.58703052512824
76.90428798081558
52.45705514023531
73.60429286160704
86.13081542363459
84.83305108033224
85.5787105785694
85.76360520094116
83.39516450324602
84.54608111140874
86.50294026070176
86.95815784338163
86.85504253530198
86.4012318831917
43.116678083485866
35.845606282865894
85.0302592718897
84.35945056784317
29.769556480392207
26.942612627970828
