31.701429669505718
70.3461759419467
57.2647737278924
74.4454287299256
61.92751306414704
85.91438322002513
69.90476880809518
85.438192012543
37.56859202882751
83.58915997976756
55.65390259993849
77.20412892066243
79.90894276111109
80.15417763214744
77.6994611210019
73.69829165569263
72.8755103865275
67.01128319791937
80.8305610147783
62.78388844269253
74.29136217098426
69.31234142956515
47.021364940356015
37.72499504211074
84.86883471710368
76.93844891667189
83.4353157086659
84.1273717189332
64.39781244855823
82.0644496299112
83.62281937639264
81.2538377374448
75.04136392627913
82.08249696517166
71.81634684428694
71.20770167651396
80.4857794551598
78.03794860233377
59.74356283647073
72.87929870421178
90.0
90.0
0.4828181739435196
56.06071360420276
49.899092453787766
77.4135651747379
46.487867528827785
73.52768995649353
85.80233164283908
86.86364163166742
85.87770218821636
86.66152945623566
87.43075897985182
89.06844340192252
86.03968816954162
89.01223960036019
86.18592516570965
85.66768601681149
21.00322271143425
20.38615459958083
85.91438322002513
88.95837332399003
13.590948447841322
45.128178263823536
