58.781597235653635
78.97046877601952
67.77496954888643
77.6994611210019
86.42366562500266
80.81733770414992
84.13402885827348
83.39869648323867
69.4950205240369
33.690067525979785
81.58531829969341
84.40844224424282
79.67031791098056
85.02444185090116
75.28034028250676
85.34293020127554
45.00000000000001
82.38254326231231
48.4473868518652
79.20135487356285
89.18154453831139
80.36883020754
86.58905504464427
86.67939429237668
75.96375653207352
41.63353933657021
81.64564916462031
59.03624346792648
85.39445157422715
86.50065878741118
87.62065762639878
86.21388796461841
82.35959323897325
85.66768601681149
80.08347387909274
83.02297069914734
80.82379665962385
60.124007308310574
81.86989764584403
53.42696902148067
78.69006752597979
89.77706034880248
1.4751018008569048
65.68952378885704
33.6900675259798
59.813464118804674
60.82392093202147
74.02021287900988
82.8749836510982
81.9509382983255
83.38653951768524
83.43370137925369
86.67852423665396
86.91149601042504
85.83532734813407
85.23635830927383
82.9772061644268
82.63194892837782
39.01387878879742
36.24259665861844
76.26373169437744
87.89448581114397
17.15837393004219
71.47510497229698
