73.49563861824498
85.69296781399768
79.50852298766841
84.83153202366171
85.84394339872358
86.30861401354873
84.64417495714481
86.7437940680488
80.15098548888298
85.5851867512728
66.13982480865766
85.21300087904999
84.83017211244214
87.40279654977724
82.31155223009712
87.00965502483463
66.68229161324494
83.00323364286567
76.36330221395006
79.8925731234684
27.474431626277134
82.04247477308286
57.094757077012105
84.93638314696992
85.92646583889137
83.62075183238687
87.82525588538995
86.56013030625398
80.67640822186199
83.21829646353144
84.88715022011755
83.73650938566547
80.2420365586522
82.19100753970427
67.02305549681125
73.30075576600639
77.0053832080835
56.309932474020215
70.4633450618716
66.92958775017536
74.4454287299256
74.4454287299256
74.17169340374758
74.17169340374758
66.03751102542181
81.31747611873178
63.43494882292201
85.04217479204922
86.57612875506932
85.63474226497208
83.53018001482683
83.53018001482683
87.28801653255506
88.0063316749585
86.80244222614915
88.66433004801247
80.96051719664487
83.55839990066497
18.773973147373457
35.49675224213945
75.06858282186245
89.27660688057236
8.66980865701649
72.42189222400548
