41.49646835521555
71.81452324138762
53.26717333551064
72.94803514599849
79.89496363496204
89.02897806892084
83.9275435927923
85.88893539602088
76.72935612359633
78.29356327084666
61.14433878028348
62.86954829965321
84.51156069271492
84.99747011470862
78.64753169154251
85.76984929197062
45.0
82.18470645323312
60.25511870305777
83.10469058566737
74.86153355417952
69.44395478041653
88.73260101476674
40.10090754621224
57.52880770915152
85.3893506813394
77.06194368281355
85.61896216819198
86.21111012211536
86.60364068933812
88.23308127635974
87.77911595177639
85.21651905123254
5.332158881659534
76.7594800848128
61.38954033403479
56.309932474020215
84.76772712186818
61.1134182330893
80.2724214485984
39.61068824002658
45.0
66.16125981682828
58.861027563021146
64.35899417569472
45.00000000000001
27.45099777093223
1.952509049399447
83.6598082540901
69.62356478616361
84.4613624672095
85.7026133360583
62.10272896905237
86.59355624500529
86.54915680624883
86.82016988013577
85.12860896847592
85.15599962491933
70.92130546290261
58.756207674754314
84.34051815983753
87.89005715186674
58.06155108332812
78.99049208104513
