65.01876039378396
87.3438527960429
65.55604521958347
83.97130815442492
51.34019174590991
80.02583631474613
65.87901688055742
82.76016260337798
80.7022021912167
70.06746343806049
82.49265333305034
68.91624541761936
45.6740368979845
78.3741013566914
35.134193056915635
88.5990237962163
61.18920625702693
83.09408690243228
70.70995378081128
82.65333764063877
75.26767383322499
84.31763138214495
87.89091026274224
85.87770218821636
56.309932474020215
82.13857459563891
11.070202577939378
87.10474922628637
84.96215544147306
76.83676751030052
85.79684262127533
84.70991879462873
80.8376529542783
80.89539913459782
80.53767779197439
78.92345026583169
86.11209043916692
85.74476203800079
82.90632707221289
84.83775972905467
38.65980825409008
89.61993406876331
0.9240453527727813
72.94402127778119
75.90829112876737
78.45747429956313
71.95217893122894
78.10102954516427
85.67658471929425
77.47119229084849
87.7974018382342
85.8608107442738
75.6186054089094
83.62281937639264
84.15543412261313
84.52263127117112
87.17603971075765
85.97173633351487
24.91274649942668
38.694554022731374
86.35551048722844
85.7993777953646
37.71833119246494
51.42347043655657
