58.891191171454864
86.31244062006898
77.8686789333675
85.96566836521971
86.80541053488957
27.181111085477223
84.5829778861434
54.090276920822326
81.42476736016476
80.21759296819272
79.72285941858759
79.69515353123397
83.10757687751486
71.84729411334885
84.54737801218748
77.53506715793502
79.89330255069866
88.20448205378855
79.40057628356654
84.9929135728941
57.68038349181982
37.99873244250467
68.70264595096624
85.62706872311888
86.52008249573029
87.04269938483601
87.00295741971632
86.35551048722844
83.18178542834814
85.48601154199875
84.42780219603621
86.23147029086462
83.86274405073802
83.19574043739158
81.9330682702069
85.34365365110393
82.60831639004716
80.6704603573019
80.65997382719468
71.56505117707799
88.97696981133217
89.05564959642037
42.720773978573305
37.77996586173156
48.01278750418334
82.69424046668918
54.92624550665171
82.88917279878066
87.82525588538995
88.29527168099273
87.51044707800085
86.9059419410829
87.95459151111277
89.0007563297427
87.00965502483463
89.00148184992088
87.4968602204151
85.06078445787381
23.902050411010848
15.435861887466812
85.87240829748828
89.35745744786458
25.709953780811272
64.84193070190403
