82.03038960567865
87.99921438333142
84.8055710922652
82.71597634558314
48.81407483429036
85.74476203800079
79.38034472384487
86.11550842994693
83.6034147885278
81.28856244804963
81.3843518158359
84.43490116508836
85.30508572074898
87.24612308110346
83.56734607586169
87.19487780474883
87.66269414087618
75.57922687248902
85.43564717346261
79.24203291161
28.92642583525362
81.98290692634467
35.217592968192726
59.47029410006589
85.23635830927383
78.11134196037203
87.33699923393286
79.80849814997231
86.67259575827343
84.23486544202764
85.20016388609531
85.93847732268942
70.75047412731827
87.31401920556605
71.56505117707799
87.37359436170925
84.60608949378772
88.35671934550723
87.36222220297147
85.68749685606112
81.06438615741826
85.07289005235099
79.11447294534128
77.57405713457253
87.73652292116418
88.44249246763357
78.8290222564112
79.3913272384723
87.7974018382342
85.23635830927383
86.65805614273887
85.60129464500447
87.17287542183873
87.24457529949724
86.46770541610911
87.08916217383225
83.86274405073802
87.12323492969944
60.887168502763956
60.145706144430186
87.54596832547293
87.47758771656054
68.77076636102365
71.38042524408866
