40.426078740099136
79.03791273767472
70.17753542963479
80.2724214485984
89.44909602078144
85.55689079480386
87.14649716342399
86.91084362466346
70.30137862541973
82.79138091931276
77.67527256586263
83.418055344822
81.48601207024966
85.22269368289014
84.1633714751305
85.76360520094116
45.0
81.69930246447367
48.3664606634298
78.65980034468903
73.58276716956522
89.43273359014206
80.7273982227997
75.83783194468725
75.54757174890703
88.56341636444157
80.25635871296284
87.01336300952484
82.71833119246493
83.29016319224307
83.60950468535302
87.5283352383666
82.74680538727468
84.95754893082909
69.05734945001174
75.79879792975923
66.37062226934319
85.58249064846493
47.17474411461006
82.92801073407301
70.30494113113627
70.40771810894847
70.30494113113627
70.40771810894847
46.43209618416465
75.73235318802679
61.242879102697586
77.52790205079884
87.1196224471524
87.57622865588645
86.71911922739059
86.8588701643639
86.98721249581666
88.32760563891074
86.71911922739059
88.23080869395339
86.83611638111925
85.98582430458899
41.782329480260444
31.181403270628998
88.15238973400541
88.3316625517067
18.960583429379632
33.64948978523345
