66.5953104489677
41.33221194446857
58.134022306396325
64.45494395599817
61.18920625702693
78.94854297333457
70.23283132320836
80.94211187138235
36.52885536698517
77.3889594380721
52.05784664988107
88.09084756700362
89.21517539700811
79.79602627826831
77.03074654397129
75.85239461299832
75.1916229609576
42.87890360333854
83.9667469937993
50.01311375503581
82.45057823173673
82.95423087513251
81.03566150590694
78.94358701975182
84.71712445132383
66.5713071912546
83.90916896077741
70.65567072787886
81.13813559360244
79.5792876032055
77.5825542099237
84.76045631457076
79.05578030093244
81.62399452257333
80.53767779197439
80.06361005657166
82.17092348994039
78.76823361597556
74.32047587758075
79.36123339049324
87.77603875961452
88.54978370906657
19.680313089690376
32.61924307119282
52.02839623894961
76.58381651815911
55.57352341856092
74.27525427725257
86.0786011123219
70.20112364547508
85.63842735497941
83.74596725608353
82.8749836510982
84.31629366461551
85.75315739297653
85.79464299829141
82.4605548604907
85.16110119907671
36.18355776102341
41.720463946211055
86.33221194446858
87.37359436170925
40.38612910251158
55.60115486365211
