52.926926682689604
71.46218633335397
68.96248897457819
71.83831991348283
79.99202019855866
84.88268515002737
84.13749618130552
81.7241071729248
61.38954033403479
80.98333359399714
74.96956947656672
87.65472588009547
81.30721888303648
79.99202019855866
84.15391033921644
82.97526787689327
45.00000000000001
80.79493742080571
63.43494882292201
77.99627109347004
87.08299271337229
82.36342778451117
87.50321915076367
86.71613771209364
78.69006752597979
87.16899832213474
84.73760460040488
86.94711748520757
86.31651361083951
86.33481535138759
84.61068824002659
87.54846683321219
83.01894259317021
85.0428739303193
58.41235764186841
52.69605172201657
33.424811182603804
79.39738689452405
66.1247191460725
77.92233083763577
63.853158764419106
63.853158764419106
63.853158764419106
63.853158764419106
48.01278750418334
75.14471612113007
52.660475334466334
70.31775071878857
87.35745470593528
87.12163050026597
87.47388308838045
86.60866058020366
86.47854662307776
88.63200258777366
86.26049663706894
88.03736122058446
84.86744556012704
80.64702074990674
23.093202932597624
9.30323080546522
87.5940294833547
87.83892051177364
22.87006326823799
24.204833880801647
