45.763898460929994
83.20405598398106
64.6538240580533
84.99202810795973
75.43972438064313
83.44305350183662
79.83222451258862
81.9509382983255
22.166345822082455
84.81672898492124
32.228757435098565
79.8521816533568
78.81824578980333
80.81465799383543
79.2157021324374
81.8991749961385
45.00000000000001
77.88940223234559
39.15543412261313
65.40020939484253
80.36246188706906
81.63411387596742
83.40008301808614
80.44571032759823
82.10186309714223
66.37062226934319
81.74747095286392
80.0493733120484
83.22648709097155
83.93228937092384
80.53767779197439
87.53339905147462
81.2538377374448
80.13419305691563
61.722813043652764
71.82787401031452
86.8849352400945
83.87581393953752
70.67945567536319
78.0463218118044
63.43494882292201
63.43494882292201
63.17510579931007
63.17510579931007
46.193489423982044
72.43498531270703
55.669782804496684
66.26834169401576
86.95162505970171
87.21483357788566
87.3438527960429
87.49490713275861
85.71084667118099
88.10487517830693
85.23635830927383
87.8613174223337
89.21517539700811
88.23760897633949
45.12295212782103
16.800493297189576
86.23147029086462
86.63353933657021
16.56020520375326
10.201445334658052
