65.43282867939868
84.40441998238443
71.74243692461026
83.58915997976756
84.76772712186818
82.5913434953404
85.31728449770922
86.62453481369712
60.85192815428696
84.90788487550104
53.47114463301482
82.16720443376536
80.81608074915566
85.84537594840398
79.6409475119163
85.83455236870014
65.43282867939868
79.46081627137177
69.4950205240369
77.65080229659557
45.7848246029919
45.90938044919914
71.81095430034868
68.4286928087454
86.42366562500266
83.14636482834977
87.18156021915189
85.58249064846493
26.565051177077994
81.94316586615345
39.47245984834382
86.29157184286956
81.91736721204416
81.09325581622025
83.58915997976756
83.17075569680193
83.7790500788404
86.5787807235707
83.6598082540901
86.41394623925821
84.0428688852918
87.75425743410493
35.75388725443675
59.112671763430974
74.838757421862
66.1843288450461
36.62132749378444
70.15930191603167
85.23635830927383
77.16439051359856
86.74497861160422
85.73210669970919
79.02775976218835
84.87507665402096
85.8295634751579
86.82016988013577
85.66359521433999
86.20078017691766
27.407575437818405
52.66195115497223
86.3282999016293
87.19591700487773
28.171054166360246
46.77710326634335
