39.40066066347942
74.97289058597137
64.3231843181618
78.21767486553769
85.17923392190735
70.64100582430528
84.85961350173683
72.89727103094764
65.77225468204583
28.39301942138299
76.73667125659368
76.06516488549865
80.19585296562643
80.43560703383714
88.35821377760728
79.80653091290826
30.963756532073536
30.96375653207352
40.76360520094116
33.95905981967628
30.76271953423892
86.17341608079529
31.38319105635903
88.00715359510602
57.264773727892404
75.34324888423959
67.80971110387746
78.69006752597979
77.52092819807237
82.74680538727468
80.6704603573019
84.32464411483085
85.49781050795903
86.87219387871384
70.86021774134686
74.51751828595167
30.256437163529263
85.56047600110534
67.24902365721238
85.69368582421737
74.4929718231072
74.57783868126133
74.4929718231072
74.57783868126133
45.0
82.2713630040484
59.30027744918559
80.23431433923793
79.92450222425772
68.44292071496228
79.1314746598313
80.53767779197439
88.32352895319325
81.93485881927076
84.48286402101195
85.66359521433999
77.9052429229879
82.8749836510982
74.25482150022847
62.3666198832585
84.22188093087335
85.42607874009914
64.21519330552239
67.20940915821498
