55.713123022791045
81.95289485410649
70.06746343806049
83.844831656726
88.48759151258685
76.32095751217233
83.67915839841118
82.42049022310974
73.20162821869471
85.3893506813394
80.76444090683408
83.12518197129576
84.89783474764181
85.02164466069118
82.89872827448526
84.66489425934428
45.00000000000001
77.0053832080835
45.00000000000001
78.95444960247403
82.40535663140857
87.87890360333854
84.44276779044918
83.36748538486154
67.31944039297508
84.46021192644551
79.06090881680785
86.35261434754314
82.40535663140857
81.58362561218428
85.0404760655605
86.60698893091126
82.54975093134382
82.8749836510982
79.6409475119163
74.93151184050778
31.7594800848128
85.99360852837276
85.42055146059545
82.6095907907123
41.18592516570965
89.05461089553557
3.3845179523097286
72.60872885555754
55.30484646876603
79.84853270548801
55.40771131249006
77.87020678007823
85.93663400706696
86.28100602684196
85.14153708096572
85.01758040962419
84.15543412261313
86.18592516570965
84.8055710922652
86.28471089457123
85.95279808487783
85.37342929062848
46.974934010881974
31.979232694375327
84.44702896696319
86.73571627598147
37.27024983780903
55.81132672654122
