54.46232220802562
76.34521414171567
69.05734945001174
78.5265215015169
72.29027547613724
82.42384510431093
87.38424512457813
85.1634165542647
68.07822140604085
81.35208704871307
79.29864927610085
81.86989764584403
84.53615718676336
85.7895015966978
77.6346272414612
84.1706285314626
63.060471936199185
50.9061411137705
81.74056202012119
57.9946167919165
85.09270015771185
48.57633437499735
77.61301323762892
72.52522574374433
82.72993135462659
76.73351915341628
86.79797941667786
82.9236218223632
84.8055710922652
82.81367197892763
85.26441696497061
85.8150838748816
83.1909498203866
84.84144821939397
49.261223244498694
58.86546668748062
69.37646861667477
58.781597235653635
57.87500155961248
39.634369073360176
36.46923439005186
18.434948822922017
38.23382517744694
54.6887865603668
61.38954033403479
82.22985000633383
38.80358657089566
74.04132889553503
87.43075897985182
86.11209043916692
86.45131802609556
86.72951207681645
87.87890360333854
88.76991155224265
86.8778695378843
88.93690136445217
84.28940686250037
86.38266686311785
18.9628184609565
19.570533261203217
88.28506980447345
89.46050766260566
21.757588631023765
46.871744965288755
