50.33215888165955
78.35402575151679
65.90798047100967
78.77420223718562
86.75593697037147
82.8444584651141
84.7859290705756
85.11299016507849
63.74134044519272
84.11755440990467
68.78203042322139
82.49265333305034
81.08015621633773
83.04237485122435
82.57797708681287
84.26907479113484
45.0
82.16179501608062
46.39718102729637
80.06076593488264
85.72053646975478
75.04136392627913
85.14690361300764
79.79602627826831
74.14063373339431
89.86518664993582
80.77607771789467
86.66908261954995
85.11049519329696
82.80076636163236
86.88119855882722
85.05403345289584
78.88695946405171
73.88658176691071
80.67640822186199
83.03903697375144
84.87373163531132
83.46786331214756
87.27368900609373
81.0760115563686
86.98721249581666
87.92162975463803
32.505666281581895
45.12537349686312
69.07549825507883
79.6790456375023
52.633330587231306
78.44337032276614
86.53177074108285
86.77895978449952
84.0938588862295
86.89950855019222
84.84144821939397
86.57163144114504
85.45624234853285
86.74497861160422
84.63226315284385
86.1214754971523
38.83594755717118
34.11447294534127
85.40945681439398
87.29512401426435
27.715744239499166
42.77706543690424
