26.56505117707798
73.08045907710013
57.61932229343077
79.12203574618344
36.86989764584401
31.17134902771985
43.93908830973578
39.80557109226519
66.6890649646158
80.2333206042273
71.30101719581889
64.09349200048563
49.666858371439005
53.591225432227645
60.4612177404419
32.96940390346212
75.34561971137909
72.42874122167758
72.91293845727658
75.58539367684719
79.23424445525708
63.89824691526381
82.65699188299318
81.86989764584403
73.1683312417585
67.59016262850673
75.22183826706265
71.56505117707799
77.12499844038753
80.53767779197439
73.42599224309102
76.64769570125726
71.27905132528292
72.79342741195855
72.50424212281357
66.4164100429042
54.21102654081667
48.3664606634298
57.18091607900555
51.63251461513846
36.32682595212023
83.04162141541563
7.438211887482185
56.43725621890759
46.63657704161672
46.93058744116699
53.05182948001702
49.56764777043583
62.52556837372287
32.47119229084849
75.20323775494266
59.42077312751099
79.50852298766841
88.78970583107879
72.75854060106002
87.92408953995886
35.537677791974374
44.19307054489763
0.7161599454701504
1.9213423757969397
45.00000000000001
88.8667001549968
1.8125526855156502
57.619322293430784
