50.1944289077348
84.9868862449642
64.23067237566129
85.4193213654975
86.59608295957028
76.7427611534189
83.70187563237026
82.68299276767523
70.38790629109593
70.78732818281436
77.24997416418363
46.90915243299638
83.76714379640384
85.15914032433585
67.38013505195957
83.73650938566547
74.55755339993044
37.69424046668917
81.32301461842579
51.49934627965456
80.08347387909274
54.334998463138234
73.77980630439721
70.80692820925006
81.96428928946521
76.73351915341628
85.80999227447616
83.22434383060099
86.78451600825179
82.40535663140857
83.58539819266029
85.09393301435222
76.71513351509782
77.14588263101106
76.73667125659368
79.67031791098056
72.34987578006988
56.82148834060726
64.01562940881472
52.59464336859145
75.96375653207353
88.57973445360095
8.732665023814778
60.063991904340725
38.65980825409008
77.38067770656923
44.24615166692924
72.93259518153562
84.93057986738751
86.34777721969367
84.35175262626474
87.21483357788566
87.15338308418389
87.98652450460901
87.30858998422161
86.72232404780974
82.80076636163236
86.16773025380522
20.658910063307495
20.109331644323085
85.37584867157094
87.63862534182438
23.10486794809154
43.70885464740267
