39.52263127117112
29.05460409907714
52.70933308003393
36.86989764584401
36.67434966957316
45.00000000000001
47.23117460803125
69.55045238920742
47.12109639666145
64.01076641616699
55.40771131249006
67.71441235316723
44.610238804681934
61.15733986458794
62.83501494266807
74.56953133326778
76.72116369762705
29.010360262687406
67.65189165209058
63.55381956422197
47.67542665602915
70.94229548987167
35.247575058346214
86.33424970736962
59.801998083433816
73.2480296034241
55.04202363552951
76.30798604560736
59.81941775179004
50.1944289077348
73.05467662262087
66.60745024245361
36.17362904577208
55.209234076060746
64.25929164376716
71.56505117707799
65.12345107774296
66.51588470949513
67.806495491606
67.51272009020963
60.366085212823386
48.86820403832173
41.198252140457726
24.187353516740643
50.06361685303009
75.352624727637
39.13612798923107
66.84139257791674
80.965004999527
53.343891584033095
83.08877288097533
81.86989764584403
81.08507304285214
83.43370137925369
82.33952466553367
85.09484385912374
78.85711014166068
82.77927809504317
19.983106521899995
20.20294900029996
85.09270015771185
86.01452138694832
16.891259095615954
19.3633978171827
