23.304890539203118
73.8379404193806
55.23480276342322
48.3664606634298
35.166436035792884
82.12072184503498
52.04576912486749
82.15353780160184
78.63735753209816
46.16913932790742
78.92140858178192
81.19320730556468
7.253194612725365
83.05586948900677
87.5940294833547
80.01503979535667
38.65980825409008
77.77038424244213
41.633539336570195
75.60640703150948
89.72520220532007
8.841814560191713
87.849056872484
88.67218988825304
55.00797980144134
85.94326213870512
65.43282867939868
86.28976878469872
85.25706513147064
86.70866018818627
86.24827092947402
87.16413697991722
85.27201218115779
85.88509090176275
74.45019583029841
81.11934084947976
55.00797980144134
86.62187726070579
67.16634582208245
86.83115029002684
76.14364849830146
76.14364849830146
75.78414652632645
75.78414652632645
39.80557109226519
81.97276248956804
60.25511870305778
82.71104767638988
81.1317371667924
74.33183957824751
83.9275435927923
81.79764575537442
83.07655108518948
85.70598532896348
84.89216414398722
86.71613771209364
79.90894276111109
82.20439797938408
65.52628118095534
77.22126681159396
87.95459151111277
88.49820747764065
39.60002657667495
71.09327591474704
