0.12318840579710146
0.15217391304347827
0.8095238095238095
1.0
0.183206106870229
0.15267175572519084
0.8571428571428571
0.7142857142857143
0.8333333333333334
0.75
0.6896551724137931
0.6206896551724138
1.1428571428571428
2.0
0.41025641025641024
0.717948717948718
0.1984126984126984
0.23015873015873015
0.8620689655172413
1.0
0.2727272727272727
0.3484848484848485
1.565217391304348
2.0
1.12
1.04
0.875
0.8125
2.2
6.0
0.46808510638297873
1.2765957446808511
0.5
0.5666666666666667
0.5555555555555556
0.6296296296296297
0.8888888888888888
0.9629629629629629
0.8
0.8666666666666667
0.5294117647058824
0.4117647058823529
0.42857142857142855
0.3333333333333333
0.35555555555555557
0.7555555555555555
0.5161290322580645
1.096774193548387
0.7
0.9333333333333333
0.75
1.0
1.65
2.7
0.868421052631579
1.4210526315789473
0.4117647058823529
0.5490196078431373
0.875
1.1666666666666667
0.5873015873015873
0.7936507936507936
3.0833333333333335
4.166666666666667
